0.8339751244712086
0.3175699411029784
0.20500465495623277
0.7886999458412718
0.5739356798551263
0.6602436238915441
0.6312616590631408
0.39295714163602047
0.35264702107447676
0.6847927056101761
0.21093317911127363
0.7435096674158765
0.8280877286249115
0.08932477024588725
0.1659071367920648
0.2534723860563981
0.4331212064613399
0.9638945873653337
0.42929231644409405
0.6620632644542588
0.46398302277718906
0.32483596195278497
0.14200925906572048
0.26726450915432154
0.8092157464001928
0.32356248497496476
0.636293321426695
0.8915863130525552
0.2694497118383552
0.5824272883402002
0.215896475434032
0.17268580869219075
0.6383646391806086
0.016529863420067903
0.07860394721433761
0.8426327442628143
0.5351962198826328
0.9891705082521947
0.5400351276755233
0.8710269527480128
0.7156032193266613
0.2377444901917225
0.5224816865157786
0.46400914333321097
0.9297498599853364
0.762741727547317
0.9564714252997366
0.3786784817517368
0.8371768307318885
0.561720278777267
0.012558979293108452
0.25141582482223956
0.401803511062786
0.3809076878304154
0.1847610660246426
0.2807221454911941
0.7737180807230235
0.1714551049138946
0.9481058266273887
0.8738796743083692
0.2201240162169047
0.5286112282191986
0.11574497179467746
0.2772277002134096
0.47430743379851914
0.924125292817203
0.5677088520794424
0.14468042217754262
0.08866651492664235
0.24025834269301205
0.4553537814086783
0.5043365694865942
0.7720140443069543
0.1481845832055011
0.7267990532603379
0.9254699289071715
0.5973715549505734
0.681363565110835
0.7191118665926719
0.7231253010192438
0.8507708128401485
0.19816199802186008
0.6465807328650486
0.5479872354558333
0.4677715741295345
0.47115510861276566
0.11251641248162558
0.1210563754098215
0.49460548007865546
0.19521085247581382
0.7484676768009706
0.3192968218935297
0.4031835240630406
0.6511010602788674
0.951018476356841
0.08197274857864345
0.7548188151311408
0.5854668915974812
0.7629248609696877
0.052032155915998635
