0.43970943329451684
0.7250363932900095
0.2604501897722691
0.30395432886268625
0.9139447093974558
0.3348741464099687
0.7259959008525247
0.545438814793721
0.2423726378311084
0.16440375136839114
0.1644243290898213
0.8376775786525945
0.6310666044743514
0.5321323870565864
0.43215409251198755
0.35300037114618976
0.6427716689416394
0.34023555079197565
0.045323129770965975
0.5384721557393795
0.4401978193555516
0.373276788230098
0.14471471784745793
0.4528968378183862
0.13930814961454652
0.2964803109620455
0.5716932984466403
0.3536967650141791
0.43651838946685295
0.213537694708114
0.43669095210331665
0.04872910170749667
0.5208067777000367
0.18844541585648233
0.2779654200540298
0.20849648232517048
0.14752392077323062
0.5273876896368346
0.33599578811345876
0.6301799343530141
0.826976674093066
0.5909175750014137
0.8860542355809042
0.9674656997554183
0.5631994629847821
0.5093160746122871
0.3410942876337464
0.4727707711073674
0.25020020378630803
0.22076881004395732
0.8795271635205895
0.7049199854249153
0.9476124829589176
0.1782899402447955
0.15479874264997284
0.34958390308539244
0.2616088670443184
0.6139956147676742
0.5825885883295154
0.6944330603802114
0.18987406253540628
0.5089544072240952
0.5202842265356287
0.3297596785146353
0.35734314198048023
0.5537545098107644
0.46945639633881475
0.45937019607961593
0.45903807515515216
0.2597412180124037
0.301562843289058
0.9427512875217603
0.7518269401570732
0.8383730536736096
0.8984891105998085
0.8413244374058704
0.6311203916328305
0.8461935139785828
0.923493693282708
0.9880904891639639
0.5176466201030498
0.538461082468837
0.7977844185215286
0.6847482820313036
0.7979615550561092
0.5661272946183178
0.49731864220469313
0.703337116022118
0.3581761796607048
0.7094544592004077
0.9246977579735518
0.7371996518322832
0.9805713496306416
0.3448560386750277
0.8819105935007225
0.7561075054627984
0.680562204881237
0.7964503338099387
0.5107349042715388
0.4702106942498887
0.957549698537554
0.9424828869387625
0.9438236905136463
0.5591304972691542
0.9157093264340306
0.5427700205364903
0.267162578642234
0.6572968246523487
0.7372124570426599
0.930103895673126
0.9973947619870911
0.7185304941369812
0.5230958225681799
0.37873343514493274
0.5869851649511963
0.21550342515414456
0.9767376610047436
0.17352412701476072
0.8008555301418914
0.7590648099916222
0.06833268616273225
0.347845857090469
0.39751198035322477
0.7870414209112429
0.9871436730281251
0.38205329515197106
0.03502928952998041
0.7951743570697487
0.3216505726758685
0.7398605517245642
0.4188805241347482
0.5644988151595169
0.119832145552349
0.905026484979718
0.5416071953445201
0.7705897876521544
0.15905468507198406
0.6559378253758579
0.768983518472121
0.4905507707210117
0.21312601109018936
0.8304707554676696
0.28493209691061083
0.193190059210544
0.9306915513086118
0.04644093887833711
0.39312785911571746
0.15798595883547928
0.030501043007571615
0.8191130152233244
0.31184406283660815
0.23085113125330725
0.3666087580316191
0.756026465114453
0.040405820139583826
0.19836091673159095
0.549098217886026
0.774074610555398
0.8616729481997243
0.03968895254066185
0.7266977339588758
0.8133026808883415
0.46190048568575315
0.10245808781727272
0.5815062489565199
0.883354952917081
0.6296565345529341
0.0704870601656924
0.6729996350836036
0.5331502213340682
0.49047474271161806
0.303100194965362
0.09553982709881503
0.9449141789363764
0.35418018104121907
0.25679408523771685
0.8817605947511911
0.38622734083371024
0.20412548964137534
0.23303466160423225
0.5186331920205827
0.6390630141630735
0.9329586967559551
0.7046605316777796
0.5856255066344185
0.3466803400355507
0.07811437492759632
0.38484789884028103
0.5850566498635636
0.4852795058252257
0.6883194340233569
0.20946354542382117
0.44822454037104187
0.9840821906934438
0.5541243574284922
0.7824443273596642
0.8888278781073975
0.9520680720430785
0.5307158939184968
0.6694434727666816
0.7597894585883525
0.5447139602970408
0.706871865794662
0.09919645212947326
0.40306374930882005
0.8643077179015508
0.893128081589093
0.29724925290763227
0.943762224703723
0.6732664191396118
0.18543201066677795
0.17289920867203534
0.11277152593173456
0.19196212372106314
0.5294810135218426
0.649500735536165
0.8614549624069259
0.695741508537602
0.18405941200559206
0.3149491314003825
0.6477647844837078
0.436195684061371
0.9854920162765508
0.34879407783120797
0.73597587338575
0.8382667543968372
0.5896393042110111
0.18404965822991892
0.836478285397483
0.9775010361398604
0.6268208680734371
0.8522726895252011
0.4637328446530169
0.14316529419662305
0.25657893146541366
0.4618749707953036
0.7385674167899392
0.273006267286132
0.6202853202012524
0.4915428939222377
0.04039536849073322
0.6531090516082612
0.16059869736244448
0.7243422527115075
0.9793117543575081
0.08870939418531343
0.15688559606557773
0.7382766615549157
0.5946567118757202
0.7451614858694768
0.881481382678174
0.7927426796434538
0.7850674258731158
0.22843172794366962
0.9600331176100028
0.6671970138507595
0.0894459830234926
0.5400451675099767
0.7760394038910066
0.5885474506100021
0.2998467817731487
0.9141729103550402
0.16779655785849523
0.13991914835485475
0.09277178282157528
0.9957228650054215
0.05762873943763891
0.8713388662856123
0.8588380860390525
0.9519910772677203
0.18326795404537655
0.8912927179856438
0.8402648111124982
0.7572244344795962
0.42666655591326097
0.4874981419116782
0.23304273670886655
0.9806424064724921
0.44656773793748616
0.7575745920931796
0.5145534500983646
0.32701016310511344
0.22921179730247943
0.6898734390284798
0.06773598277041781
0.4256615402207016
0.9702766564645444
0.2698470137708089
0.5206387304796638
0.44874616839890336
0.13967202064011586
0.5247517635407772
0.01923568615775406
0.42235409405410285
0.008195807653337939
0.764906368143182
0.9270414321709879
0.254021577314977
0.3394579862724163
0.06899678999790204
0.535231686334809
0.43326639676513445
0.8936641230996372
0.25840208308955903
0.27901946080246764
0.7164268131251639
0.9097290155152018
0.35750019737806316
0.6309487907649876
0.5319088036989106
0.2997324937416648
0.5931539923348823
0.18679260681251764
0.3399112145660055
0.6800988720770098
0.6083782178471755
0.30498117009026804
0.09003934386630474
0.9205503661652157
0.250824835226616
0.40979084533937615
0.01729609663666909
0.74186120249057
0.9611684454292198
0.5630268881925335
0.23997847515179171
0.19609208381550447
0.15889086199098568
0.8586332506118572
0.3171447079265379
0.9119931922889564
0.8262784983065166
0.1725738154842662
0.1394705605327473
0.6198056420290174
0.2745087125107357
0.5685581310550285
0.6604836577865452
0.4317419929989983
0.3008102823847918
0.2571512918584109
0.009877688400732776
0.8676042097078798
0.5587163360695653
0.37770166324186016
0.7538223486698239
0.7129452334634863
0.42301930217184713
0.9359413633662614
0.35994254050879837
0.7274490639222793
0.6547549075937413
0.1114424472387896
0.6999850311169602
0.935708910342437
0.006881161350053455
0.2526774028800123
0.6693617004037304
0.6069062280776032
0.29662233400828963
0.26306910249936855
0.07447267866461726
0.8934301980755517
0.6357663075443447
0.3180140364552171
0.3634249785133654
0.894526351533603
0.7988201927107683
0.09683229787835868
0.5970882533289787
0.9626273468570063
0.25334849135695436
0.5593797236325992
0.48855885256971443
0.28893622562182064
0.24579501619517696
0.4874280746225348
0.2233751393128498
0.5549804921976966
0.3202587248525579
0.8844501066568551
0.41486666800439265
0.306475338120032
0.36022043000035
0.3768624599184336
0.44463125505386136
0.6323622093971282
0.7393187794126637
0.7971622723623453
0.0018783142623775007
0.7091026873939477
0.8032328450865989
0.41043175068142546
0.16469020331684825
0.9157075478301804
0.6758798869650102
0.18191771674846358
0.8328648016954459
0.8670698582950522
0.5703246122250611
0.7275093746260046
0.09585418585485095
0.683039432588137
0.5467391301154478
0.7864866165828703
0.8923189224716845
0.3044592592799584
0.09661945008395056
0.057698054021569245
0.136995817264296
0.9731633462766465
0.002053005020494769
0.6806384732947093
0.5953324096612533
0.6633585242236744
0.20432234088373247
0.5363988973233222
0.19452721477841495
0.9062412229300902
0.5940182572851007
0.34666218204095656
0.5833906335578278
0.022085283069455564
0.2733069458214381
0.5154320912614274
0.741848288070386
0.19808638686534352
0.8147566764667853
0.5481131591213522
0.45508315053799064
0.4330325825325603
0.1759087104932897
0.2804974336721433
0.780243358328834
0.25418981974232824
0.5980624108166213
0.702177097921828
0.6900208715785439
0.13136603067300867
0.11438650465452493
0.9216769743256954
0.3049719001459339
0.1249407204412114
0.7013962130879832
0.3227393622181818
0.5770010289991081
0.007300474680892677
0.19332769555948182
0.5592225489866678
0.02642878543803917
0.5240321232913692
0.8854588727988355
0.6089973447025965
0.22839930802374808
0.445628860753829
0.5871174177767435
0.7633311930989517
0.3677624515284723
0.7344902908876254
0.07110618803985269
0.14193946607337904
0.5473351154871204
0.5269192674540493
0.21666279321148374
0.9803979747959803
0.6152193923244957
0.9337450901757673
0.6645936781207595
0.5300522756779713
0.6765137317767784
0.06367781516136684
0.6915401278341293
0.9186941731789804
0.35005164320248827
0.9847711691015295
0.49643300221103326
0.15487463989542483
0.2503075714482932
0.06823521422866707
0.8950961475617945
0.39528114413319804
0.013333143429330674
0.8400771251609769
0.5858669586551519
0.5535977852061871
0.7849998253919261
0.2987334771110335
0.4586098128552436
0.6188404147741278
0.6737279032572268
0.3039585946919352
0.04649232808116732
0.05709377334870158
0.2854631303039765
0.37723149690227986
0.03250922347922569
0.1765063134644782
0.6903309327400913
0.4937927592536546
0.6432072420028112
0.9991303854756528
0.6081771556626632
0.9841972140167663
0.7662244608552549
0.0803377829762153
0.19844065722125848
0.7719110119067198
0.708848030367556
0.8674014429031462
0.9115592847280376
0.2360985155505868
0.7549799898299094
0.17591557663057666
0.9433335201768778
0.9220994936628981
0.13235321481090967
0.6946063620244878
0.7437297321539866
0.8517771762467203
0.08515112924083512
0.5320834256501579
0.7881546412793774
0.7441242931178285
0.7683233856414642
0.4033734936046751
0.505416886213389
0.06179415152600565
0.555060744595812
0.9915732723278972
0.6262850554699533
0.5653915168929313
0.0750004220070235
0.9195341360329137
0.43053598254172454
0.8979448529698397
0.9618933786819983
0.9836315997788185
0.27490464391624037
0.5854647347263993
0.11874554208646315
0.4273444297162694
0.6072972903339611
0.7458117348075719
0.07556190656445794
0.6415864273637211
0.11624272663410329
0.5086628477055355
0.9226581397355325
0.3131273082358619
0.5202428368878809
0.6436402135337735
0.37385874910635186
0.015908002566620505
0.8964721853128712
0.721322339852781
0.3771765517761696
0.3716321620251348
0.10196770993841375
0.2088724897499732
0.12300970411095191
0.4543581448197018
0.04435960969990704
0.841159779749366
0.006667955650372148
0.7804896911484727
0.18343530993876733
0.3581088420883134
0.3404606741110874
0.6276045647389037
0.07216452340795754
0.8937037392069223
0.3492937906916136
0.6266049285402817
0.4386101408358829
0.5424194829436639
0.9548006856076281
0.11871723869568118
0.3456600543373294
0.844679071636488
0.3763373941586361
0.709413296526739
0.33744007519574426
0.6344648904966905
0.751336956560122
0.4480351286648263
0.16410357919647867
0.3379157847690901
0.21351328965812333
0.7434515796986656
0.4273482438237344
0.15890931878362835
0.2589156662590486
0.9946480487842542
0.24557918413316604
0.8092271160983557
0.3390966240416773
0.3472802345670245
0.7861350511237806
0.15059884971301685
0.1430227511170059
0.47139519208187886
0.18798713953534985
0.9255995323301618
0.7712725520132999
0.3640167064553408
0.0094028237114816
0.6197133967610706
0.7096942855923247
0.8851052269407937
0.4924220038659697
0.06851143253270586
0.9159063724769787
0.5994928341988346
0.871634205868483
0.2562446630369417
0.1171802893620899
0.8448773045948328
0.2843272152816778
0.9573669906640314
0.8909011305330359
0.06695246703723079
0.4468067322454994
0.4569681993340182
0.23777165742042428
0.30961263524595695
0.07340388062400915
0.859523475871889
0.8820247869282751
0.9106335439037292
0.3605273163860192
0.04636594585141118
0.008735815837203287
0.43758827164115965
0.89108271437826
0.07944256081490342
0.6739958956625336
0.04117008407573475
0.8263665985076627
0.46904731089655693
0.3171892835521197
0.679609479780727
0.12956832250836126
0.2320162913323267
0.8257573587667395
0.11316871129626183
0.11844394440136385
0.4995791303493027
0.27594365508812624
0.3801440410631378
0.40851894737262384
0.07305313435464367
0.21479765179521682
0.529344038943945
0.08446200419160754
0.5292682747280193
0.32608649209444485
0.8582800700025048
0.944182929335321
0.8760404336680683
0.3389345739082412
0.39313564549337277
0.6508870817496242
0.1618574761871261
0.17336221210783487
0.8741985386103697
0.11694966924937078
0.16835116275341466
0.32818798857145515
0.24163940677138407
0.7950584452209162
0.40678425061855616
0.718765271672293
0.9148822101266436
0.4511611616687583
0.8019330892744003
0.4077936216804574
0.9081613185467536
0.5870437725983149
0.5427876658538677
0.2573920923038955
0.37043447316135225
0.03900958169150348
0.4972361514277761
0.2564878720429342
0.6918665841182747
0.5614491100646146
0.7096794299006426
0.4546265967453018
0.11875282212179727
0.6436745891170668
0.47309479291595014
0.8949599530443535
0.14983972644232835
0.24337899546942277
0.5479790663187574
0.8315896274963934
0.5240292393386754
0.7737743355463855
0.08233002812517087
0.5911492427410432
0.21446057624547366
0.8349755352606525
0.29144616813732727
0.4829521718769434
0.64755184435326
0.6365302189169466
0.03586352527787873
0.5908406063044782
0.04105002662436408
0.73611070294757
0.9462579809154241
0.3890559886735725
0.830038103205784
0.34788810411401117
0.39627622440511456
0.6389865427807639
0.9920729674028745
0.9228841896091149
0.14808037333351076
0.9015670043441413
0.14063547884380734
0.2615693212644883
0.5337855733532881
0.5296808843437566
0.41769115897983644
0.8705262186383362
0.3627619635857209
0.05111116872813937
0.8137885935651863
0.8571430473461454
0.52309567426043
0.21964733616689158
0.6398588559218512
0.1935230095367646
0.4899034421786552
0.5252440919115702
0.7382489777550447
0.14135326381824798
0.5634309095022925
0.93748406875982
0.2017026303237932
0.2547816771058051
0.39549196867546366
0.8156349606775342
0.4598715008650951
0.19216162910473056
0.6364397883411865
0.26510558277648855
0.6045232396322295
0.19647406569048198
0.6380795295543569
0.02749867277337814
0.7246499200445211
0.010764567315440843
0.8885460310634863
0.7351160484947141
0.5501380951948684
0.3851094629860221
0.7624477359584061
0.27648328593663396
0.42500435241716605
0.06582966205437968
0.18497220580555784
0.9962552490377063
0.8467609922336061
0.6508787280475818
0.34727095725103063
0.18035000485700747
0.24023023792384524
0.8412375171020461
0.862512971698822
0.34735814643956586
0.27790948889106404
0.028236281568900345
0.5974536952234362
0.10649389240216522
0.7467036529382021
0.03664644668819639
0.9747083558476575
0.6859795299750941
0.3494266343442056
0.17706559399821087
0.9974780732203401
0.7646355711364359
0.49207368544925556
0.26660716255651384
0.614762025350053
0.41462286702428774
0.6216350087901308
0.7449018115700703
0.06269779131705455
0.3838817835700197
0.7041094033236226
0.7378947040421189
0.8548011567655927
0.862815228676163
0.8822265751310865
0.9253200077677641
0.6016497124181646
0.9113819150736253
0.2062988614304475
0.21340023499459915
0.19343318974587498
0.7678878026526637
0.04556190908094937
0.4029154368193608
0.20277588041368433
0.5160983581213694
0.07337148731717158
0.5437873741076495
0.5122511512008117
0.9075158686713669
0.8292982276703287
0.6379662301911375
0.10107558173523912
0.4454327564279421
0.33689036865269517
0.47719077675842914
0.10525539093450731
0.8141226399189907
0.6309873364231509
0.5775147537825422
0.9639113864734523
0.4253829764187522
0.275161368931941
0.13473022398947077
0.3494249868646182
0.9612780274331447
0.6255718540643822
0.26125885025769047
0.7424089605121662
0.9705035570164557
0.6648083833509475
0.7337316170305057
0.5551213770983445
0.19430172650824407
0.4951668686166173
0.7453055315180832
0.9982098636789387
0.7707085032234178
0.9650401835302469
0.005869651099245532
0.032512068222311896
0.6146721339486756
0.6926406791194368
0.8621462512497449
0.7737627830067326
0.25834707567225745
0.9810956116399372
0.17344815536735214
0.02692876088744245
0.17313909848071596
0.025876423420119643
0.23525441761871302
0.37692217289362584
0.534416893751761
0.34508141171913564
0.35325378690042086
0.7579098643035918
0.35004147978300937
0.5016572605652663
0.35783976429185604
0.5227534017262228
0.5673536432262845
0.42056852545527
0.16587338637809923
0.24160617404603535
0.9491912002294021
0.127020589839697
0.877973341719434
0.9710207250064387
0.4183685124375165
0.8380133235016398
0.8060350957279527
0.0728458214840666
0.7924077613952578
0.8307519018735416
0.1847101679271741
0.44110805310090884
0.9096324106082805
0.8757649026878387
0.4678396578744437
0.8479370246138518
0.6579650671446955
0.2794254081860883
0.929500938414517
0.3829414585844473
0.016160434040823013
0.4252924970145351
0.7906984847939791
0.12007853018061554
0.04219947667252111
0.7438499527563325
0.033525673767371034
0.6426063100944974
0.42908226114673886
0.5130954133416112
0.9692211256423924
0.8160798157014031
0.7373002266028414
0.4748394591043472
0.7802671205996994
0.31444882522813233
0.8917451442848885
0.5222095482040705
0.18930021746772452
0.9212526520951811
0.9258584038610678
0.7610858399507239
0.1546183863075481
0.3659283783901959
0.5507117466825484
0.6732894764478552
0.8826472467389472
0.7346854143505115
0.9997925320989649
0.19477623059864535
0.4305964261680797
0.8591883797573789
0.658927573544962
0.6578990049612727
0.7829243879219825
0.7730283317591027
0.6183334084990622
0.7131405981462695
0.4452513871375603
0.37393350564872163
0.6498513855574091
0.3207488860832062
0.19190654408978935
0.6212348920332622
0.37933800332742496
0.31861754484612104
0.866478672886297
0.5118007731003227
0.159488613719037
0.7386047946133603
0.6959133333987229
0.6355832431141162
0.2306816781038572
0.22013349918875202
0.09400035221044689
0.756313071512356
0.6184591389590646
0.3799215846452806
0.07699274115367927
0.9043249587824671
0.27032371658340315
0.8997146211947575
0.9240141287086556
0.27875081334003826
0.04273839347425734
0.7351216010794908
0.4863830554600701
0.16374932664699227
0.49202718241887067
0.6313819837452177
0.6307468997248353
0.11867177350741143
0.03514699041392255
0.8861525004118247
0.6733707516831722
0.7844693094561499
0.6079468722794563
0.590117665184656
0.07922745914369655
0.9848925468833791
0.8261504448442358
0.47616843447265267
0.032360629557223186
0.4685694008857637
0.20357731526286282
0.4105422696755112
0.4407025789062402
0.10061478616494623
0.5089584492873982
0.5321608873509978
0.6554686640090899
0.8311536289713028
0.6064711698767893
0.015129482534429028
0.26645432256943535
0.8084535045185519
0.14348443526926236
0.5907430040955546
0.5223288788520943
0.5649730573344196
0.48568849696918237
0.9613479501251128
0.8066534124307156
0.08823683022021522
0.13125753102233628
0.6444544289084533
0.46001016378360515
0.8462638899753068
0.10761782104140205
0.3840833462222666
0.3405720214070165
0.29093295290383936
0.7679568351267225
0.32972477122318167
0.6269480216140269
0.507923061988955
0.700654693483775
0.20657027034206443
0.844360157659013
0.9775828227950483
0.5544547660202621
0.8073385623864053
0.8283435810943771
0.04484463569146935
0.940263531988996
0.9361052608201812
0.25818542998237226
0.45015464653610504
0.7884696689363329
0.23438221537131199
0.6340390851424096
0.9450550599712277
0.5195367144173149
0.8815044859748442
0.16474024137690746
0.45981991946045464
0.7282604382941509
0.15159844285293378
0.43565105793638814
0.435437220237878
0.24454250856858328
0.12867754002886156
0.2542750087803902
0.06075184717421944
0.8977396093671393
0.0553914180226891
0.686799200335414
0.700511464224943
0.511808231246462
0.03688242711425982
0.31944118239765196
0.7640966899566501
0.4886668842595885
0.5958256898643837
0.526555703657136
0.44084291841006484
0.8109278946936731
0.18832249169341342
0.5733094724874406
0.2842775481835196
0.429891193313249
0.007217067795590504
0.2547199944397147
0.11151318083590511
0.7133788965414134
0.7390124906021809
0.9000346576080873
0.9607314684928183
0.9653649203118755
0.4055825942270632
0.8981988974964106
0.8904951074275955
0.227349905393065
0.8913759281672082
0.9787892273510397
0.48240928625451973
0.41612123484158103
0.1292952526722615
0.5923058820170282
0.47438285489870125
0.44786508216795373
0.5290764033123188
0.14799986044442393
0.8991289458933625
0.3474314935722713
0.2107836656098372
0.3755842508450278
0.014691273713234754
0.252794878243769
0.404909747125082
0.39480975365827287
0.9935950026380627
0.17157050251668338
0.9656621378489805
0.17076754171043684
0.8330059096866189
0.6246986842683404
0.6517578270470228
0.2721970661576827
0.19743104051758364
0.18540558846730937
0.29604534348940303
0.5578687090589132
0.27032583960256895
0.6468961753397615
0.2012817650860086
0.4624157997266545
0.8550533796719129
0.8231940857234039
0.8131242806283752
0.8694760631802547
0.7977111053403325
0.26067558680480807
0.45064949887624217
0.37714163279840607
0.5698356042579438
0.33921118440428066
0.7930802163629795
0.7951745196496995
0.3051680692164944
0.12380404502287812
0.882907355045959
0.23654076514180522
0.6119026253837856
0.9981427638237046
0.8257209883334791
0.2958980087929981
0.41851365007177455
0.7681820263311372
0.6799168593924623
0.575543758456627
0.5377543815184684
0.7644668637231322
0.520771123147316
0.10703568044809053
0.2707341739322511
0.20408551864733826
0.895548293459292
0.4343561820238193
0.9294627194800691
0.4616620489096661
0.6178503064238814
0.07856631097198075
0.5833805945870894
0.5593984194283148
0.45562057886732465
0.09444926852778801
0.1048589303798173
0.8920050741574783
0.8933537128338174
0.9148013493264555
0.7223977700008954
0.5508677809755671
0.978460050928146
0.6764819446618735
0.9939847780120983
0.6475466446092255
0.8308351705816528
0.48328626658734497
0.6336234869600796
0.5415175348408088
0.8858526695165327
0.5991387297522894
0.9531328914163799
0.4595156550997621
0.18021877831919086
0.3857637910428444
0.3672772733962075
0.18598712391448657
0.5004135302771795
0.4846484454292259
0.965755467858431
0.33121703559446036
0.797477178199675
0.29739330187372937
0.5386970089435681
0.8443930288262695
0.5885970329041714
0.8373567577678775
0.16453485699750647
0.3166153045862825
0.2863987918282507
0.2903415346791265
0.011333704876003825
0.7027120568415983
0.8540170693935318
0.5836527329779833
0.020895039000325744
0.5434955484559882
0.17317076129128117
0.8792450755718895
0.2764155322248758
0.22044618415092532
0.8423378062712894
0.413265648312366
0.2347552191640747
0.23751132614879267
0.23384764559172133
0.22437682672213088
0.5445378468346451
0.6041922758924305
0.3679370060483158
0.06881997967692555
0.07826582884840372
0.5355588852207005
0.816379702616058
0.9034303122375051
0.8009858106744043
0.7048911593046272
0.3903955344832355
0.7291509421384037
0.37383681857861983
0.042465440821775946
0.44233693383297745
0.6753428983511598
0.6453649368658589
0.40084283765509987
0.24208617132212917
0.8814146196249901
0.6356115932178907
0.6876606881154841
0.6785454447542141
0.6373747282583726
0.9218340988200897
0.13364439219194102
0.47295936236409775
0.8145619088942706
0.4392264169098681
0.6298253919694785
0.8096773764308722
0.23928813041666208
0.5705774277882747
0.9446111165507269
0.1449116798385941
0.7242843423159577
0.44086276585303774
0.09011886950736758
0.9394411554992719
0.3896055840022119
0.8197526047461092
0.8934077428720579
0.9603777829149402
0.741453608794252
0.05423227230261629
0.3594394829882226
0.8406718405030824
0.06856901699123541
0.9389390008979392
0.8030276504591414
0.7183929132987852
0.2892276274238712
0.07108246526377315
0.11394706604762317
0.24507870601640547
0.43569842545394755
0.3467189119950149
0.43027798525478667
0.11025073140149
0.22007290007853064
0.10049715537373416
0.8432117654887601
0.5336206289897241
0.10646823236000391
0.6081919709266541
0.3312130962619435
0.626079730337983
0.543127238529876
0.9964422976379554
0.5622190218147876
0.2631407024569681
0.3673517195165983
0.33254340685094097
0.4924128601079676
0.08036962139223314
0.3404878665312312
0.4920386366124183
0.672571721926406
0.5571995226189232
0.4897968023620536
0.13007805614916168
0.8287642635520034
0.798888591072016
0.4166689449936021
0.5600493147322949
0.47439856665716684
0.11798225720330668
0.3475582896491942
0.8527087702072853
0.2475664307463128
0.9541242203751137
0.198998686770274
0.6066203335385938
0.8104172578477453
0.9201329647058174
0.8580873009375241
0.7244619770499532
0.34620287757796464
0.4856627720919464
0.031453034363902344
0.32024480664859567
0.6857037499952772
0.2523075039035929
0.3815389343972133
0.5510497894906174
0.6660558312428626
0.45234755630034296
0.7015860578192579
0.5015402139155822
0.8786268025039743
0.021256851950010702
0.8572441632433214
0.8215160427130541
0.8646623885146978
0.914837467088871
0.5368444612376106
0.14446822165250017
0.3224437232684123
0.8917108262965561
0.5952679136237566
0.5486463235292309
0.5639205594970675
0.9239628243409557
0.8015545242948992
0.18060923345551627
0.7971741180466456
0.14743814224677654
0.5480776307590514
0.01509507474339089
0.6511812401586354
0.06691130451485305
0.8569384128545761
0.1169750502799547
0.4327860662473413
0.9575887350905705
0.5436154682060397
0.7333392825435929
0.8269182309278167
0.9767765486663318
0.5216209498285689
0.28429403493957706
0.8545699229197485
0.263864018748285
0.760514540584776
0.9309368652395973
0.11026587377000574
0.1991724672680848
0.8522713132714541
0.5986947350156613
0.034083640122674064
0.9767332579772467
0.695746928770899
0.2045093161538356
0.7804498977731371
0.8103106305385805
0.5120374614779415
0.15597458470587044
0.4196278008993568
0.9650503078244563
0.4470416223924536
0.7612643575387388
0.8524657984526411
0.5212670106716872
0.3659931435166073
0.3049938188997059
0.44279067357838753
0.9590670814720692
0.0695834853971331
0.8940231802618297
0.5446202151411896
0.4572547798672928
0.9506089748938391
0.5985405591419308
0.7388933707457042
0.0908026933596191
0.1271110226458192
0.836083636497345
0.00045656721040843173
0.8955376387273706
0.20941410248682302
0.9592968399116437
0.41334172051745455
0.6708884499888603
0.5985073276537816
0.007705831641074523
0.6762426150102445
0.46112511815434143
0.5167097297181509
0.9207712532889774
0.9392308739514053
0.8430859800768309
0.662640518523008
0.43054652973438357
0.7882211275031987
0.9756144723817022
0.06246414778568177
0.4045086585427027
0.3848122409317327
0.8136669198330821
0.4661209311391117
0.5038839764330587
0.2931376382008699
0.24600862947333146
0.3088389909268163
0.3735023953333547
0.08645129514556826
0.15198820053206186
0.5456001439114699
0.8452648469971233
0.7375872056538779
0.6530528979484327
0.22479690725002244
0.38919651368653785
0.41479911660690627
0.1434653015604046
0.6149155888149296
0.20516330624552492
0.263856043287515
0.31614055107485983
0.8963042451482566
0.9715782430581301
0.8758260459052767
0.3038845459306294
0.4228017040326151
0.7982000026988634
0.5038758668019632
0.3619790151758038
0.07828352245024761
0.23303061119630541
0.5130488485933422
0.4078063744044318
0.026177874535666668
0.988837430228473
0.040043824279272444
0.2594133266478458
0.3089716467953174
0.07015849487973425
0.4671999409172902
0.15694085427634152
0.1274444456634134
0.6573521647465796
0.7188534964489399
0.31762161897743835
0.8650762085976014
0.009504503724442115
0.3526967192619561
0.29897774228689555
0.10509980290273035
0.8469788500763975
0.4346809002801666
0.9700054301769756
0.7808461566177898
0.23819101010627586
0.4975865504206223
0.03997222037375736
0.7151759575639622
0.9340953016923879
0.829975312714766
0.2313240768299787
0.5437648764147303
0.7362458763944271
0.08618725900115787
0.3734868718134017
0.47948243618147823
0.9411202472671978
0.2296399700498435
0.5818695271480963
0.13971049244094025
0.1908417380949261
0.348625098414054
0.8657027131320807
0.7159099820499788
0.3327195942228527
0.4767411464767408
0.3715587184865834
0.6701849170583665
0.8288550528830556
0.6465345445277748
0.2800363554213119
0.8748927404152955
0.4882882709075018
0.3782372186778624
0.929343931488172
0.4225479220349584
0.15118050329445953
0.8825096615501278
0.029196828674619812
0.09492123073485459
0.7351082130438913
0.16300410673691834
0.20762796731651045
0.7415858066036047
0.5992288671420627
0.2273110293583409
0.27741645477826493
0.5229514803901802
0.0634920385882991
0.7779654648799275
0.6471208868322291
0.5861582702769876
0.2430461708565792
0.9754870317699531
0.18406676157495783
0.6026646257071966
0.296834825850526
0.015135267012567732
0.035226494608684655
0.7968686526381659
0.8299354419828573
0.36212316306255476
0.7083303023097942
0.9592073096133624
0.7435953610254125
0.9132613698484793
0.295451296590993
0.9721029227114351
0.7595276166852181
0.05455150798082786
0.8610538336962563
0.658547696220781
0.5944008737898183
0.11341907722296463
0.17409356390004582
0.7771493156527933
0.7406984977355582
0.23490348798751137
0.46277141187720683
0.012499485822464962
0.8714872199688453
0.007922752843486647
0.9738294055323149
0.23463687643118103
0.9427894596138844
0.5015813471623849
0.5688419195987786
0.4537362334380879
0.05643140327750085
0.025759635846645645
0.44324582515933497
0.04892033124372874
0.7508808066031882
0.7170606233096142
0.015119606843957412
0.3350500918643744
0.8761809721299396
0.8899658128432646
0.521921220244687
0.471157922797947
0.26712423921802597
0.3323892402472912
0.9140927770436367
0.8468436486371942
0.8656955879803667
0.2971597059043709
0.6589910058528112
0.719531817627769
0.8051018559411964
0.9420428904733822
0.9757859441444523
0.9665902851098962
0.10876716179930113
0.28310950325241024
0.11754957480005301
0.7239124696864054
0.30759393143628055
0.5505405045631242
0.38903839971707566
0.6375160572861951
0.3257090541547889
0.645485083301659
0.22080609893951264
0.15465363589295977
0.3893409356133586
0.9983879009573895
0.5547735775915863
0.48606432135684674
0.6609440275220466
0.9895016141572801
0.5640866477543469
0.908250751750816
0.055617030171917214
0.38510412171610886
0.5231785668401334
0.23503826340706935
0.8979182672225376
0.2744955568117926
0.793451477088386
0.10303802379712823
0.8805257305891354
0.46096891771756465
0.09994382364230447
0.3915282542236713
0.1754815956860183
0.11605731648640805
0.476163898005852
0.962847539305707
0.4266761404618329
0.03753239794693619
0.0645317380040662
0.08181107693054446
0.3674697104848439
0.9759329199831985
0.8052936093357121
0.41393534747240857
0.4996003919323908
0.7614238061919827
0.1563653447932829
0.457732155814929
0.9906672987673477
0.8134130651781295
0.5008136842276107
0.36032641501691254
0.6543804265064266
0.1392671610720202
0.5073097972148652
0.5916445502340952
0.5997569035401542
0.19587161990611657
0.14812130400626433
0.6866905354056312
0.7893827260505604
0.572170253682108
0.19994025456645415
0.6167533680366821
0.3888677122309221
0.6070577376649737
0.9259116751709879
0.5577200616938291
0.927158302897162
0.7492927146615118
0.797975375672983
0.4264471673853141
0.6519773041438102
0.2413681699080148
0.9528321515557725
0.21747183499041878
0.7462806083725153
0.606623539664606
0.4599383259065237
0.7368715192838042
0.0679837281242972
0.1793236137246832
0.31160276536395837
0.23529986947272863
0.3763730617364127
0.07994166392427449
0.7342593445621561
0.2088034874670357
0.4758912284597161
0.3155779970870374
0.8010136951099192
0.7496956745940464
0.30485036825416967
0.07133649459456914
0.1844518722239561
0.9635505433252973
0.9597441163544278
0.5377035787023872
0.1178342561423138
0.789553805103272
0.2838499083306476
0.5696541161138025
0.8907239723351521
0.9485637578319448
0.2183213388499068
0.031090827082212114
0.4605734674228561
0.001335316472356629
0.7891966997255493
0.4697464341850397
0.8434873100615612
0.6786640892155182
0.047220165965918603
0.19928390657586514
0.8459548836158
0.10654997118869103
0.6786778792034431
0.16437393259136002
0.6896107453570299
0.6146326101277422
0.448301359576718
0.6964827020851192
0.7881922765114415
0.28500761999060287
0.7476493410450225
0.49497920700604614
0.4574228174948227
0.42433838874815044
0.48232297727612394
0.9287496777732687
0.10478431564185997
0.8826369153787914
0.5326426566978346
0.46637166980357847
0.4160197478474603
0.2786359017205149
0.3686739745127703
0.32341781817065596
0.945778846137513
0.5806946998876961
0.6394991599970821
0.8180850625217426
0.010302476808916827
0.12865745422268415
0.3463767147053065
0.8239363034641971
0.7750759479431235
0.12171149797799541
0.8821393514819131
0.8102061979339883
0.2690418262022096
0.21563526826112422
0.7194335217368586
0.587089669579324
0.407971533989526
0.5411495513761317
0.8638738691201073
0.3154624735109157
0.34870109922632664
0.3351494503622361
0.4209166054080635
0.9236391570864895
0.7236253314430097
0.9447530082386499
0.5654990487391329
0.8094970798790444
0.10136202259545013
0.29585488022099704
0.17397683801833685
0.6040118921449509
0.5545043031936405
0.809306960781766
0.40853120865519643
0.4376293233128161
0.836271620603044
0.5218576358269706
0.12560003421623978
0.5302820366339787
0.3662425252359789
0.10634049830660164
0.08320294657579352
0.7926726850049828
0.5658038032574553
0.4996408400407346
0.814451366341751
0.2221439589223939
0.5069692625716573
0.6758560035712795
0.7109919315259781
0.37463870874336336
0.49376482868121085
0.576590144112658
0.22046790530445448
0.39090488104919996
0.4383856264628765
0.8024290619717538
0.958416376283707
0.961581922185563
0.47550076003715325
0.9546202998352007
0.2545380354617157
0.8974917310020449
0.8115367196368171
0.7013881921536895
0.4188193192120746
0.21845339952676923
0.8051667896879073
0.2751081882141142
0.8581954630806394
0.7832347552131556
0.7372543437160954
0.6979173154471587
0.2776164156527967
0.062499043657212816
0.8154686205900257
0.4578343229544275
0.7285879996829914
0.6729872692241965
0.46406154334713845
0.1498721823339837
0.45332445419537626
0.4960183113147483
0.21934642773896273
0.9537917016851496
0.715179262263048
0.261786222563388
0.48161131858623163
0.7256059057833548
0.6413068057288578
0.5148888370643914
0.904903620606544
0.8983834393225556
0.43803256120248646
0.5272877305443244
0.8731649114514954
0.2957184402329236
0.9317492818024429
0.02913542197725283
0.006796945030946189
0.22738125780177776
0.4555573831743016
0.35390068041280287
0.9752309134618715
0.9835840878040227
0.7403334648334825
0.19753815903372263
0.8239362677460993
0.8302016504836196
0.06418610645761169
0.19818174389902654
0.3332160076228965
0.339120768536308
0.9031983486588231
0.7625029621915722
0.3510630716704375
0.5670210177852895
0.05648967926652815
0.8281520956076678
0.8524000645872154
0.6767823265231454
0.06238037001352925
0.16960233907398936
0.8295286822991006
0.7480621639143539
0.6994937475697971
0.17707194470782683
0.8173237217033336
0.5954219568618133
0.144221595361401
0.974779161183227
0.2355854367772927
0.4050962489281096
0.48072542293049825
0.28381411174761606
0.6060936043799248
0.8344773082660457
0.00918892623064016
0.4611166277639722
0.9824026297702555
0.39522968621260923
0.02997953910297313
0.7611693890552749
0.3415430272443547
0.9075338234557244
0.39229665479557085
0.17350657299360273
0.8372811816503525
0.36198838362516095
0.3525458354042621
0.3802870994864609
0.2423870587209005
0.3527021431909063
0.10488504107008212
0.14871089463625564
0.32587128115851627
0.5791927432735908
0.4113484241096894
0.541987474869692
0.4134128736996947
0.3186730979907906
0.43465523003475615
0.5692721230058302
0.3045206903683477
0.26772601566175935
0.013440852076150422
0.2469332780716098
0.25225299449152905
0.698786831124695
0.37998489453966355
0.5886301049754492
0.7017628272588439
0.1591662232126534
0.7175564973879409
0.45122884798389995
0.6946871829660879
0.6257784824844843
0.28803030790062856
0.4694824897436227
0.09966518360291654
0.9057735830199265
0.8756127498549546
0.12371755781914007
0.30754943993847417
0.37418962216673757
0.08755970332131713
0.895735701979899
0.7617364153955932
0.8797061180152896
0.912116860834767
0.679757315055221
0.6285933141765623
0.3394012861188671
0.9285071025272085
0.46872923368819763
0.24155064281155947
0.6110371156904106
0.5665362108020024
0.598621079864333
0.5520085717577421
0.16044035437107795
0.5747519989387313
0.6602318376331271
0.8816879818047507
0.5102536427682933
0.6379917564243702
0.9146700854968748
0.28956568396167315
0.15397173512208817
0.19883219882620362
0.684246507776763
0.10256165617710189
0.26881729891979345
0.8990612890202154
0.2535972455848001
0.3062087188604612
0.9322610945102987
0.6915103280000097
0.06592098591208995
0.5804839383275189
0.6303490573271135
0.7315965362611645
0.36166814272498704
0.7720645826663326
0.7170474746388764
0.779261554263913
0.11170583053396155
0.9694526362201117
0.8003037163690199
0.4352016875777944
0.018164593347893554
0.14544824461906458
0.630709231329647
0.7780563483739511
0.1776285203312975
0.8251358538032902
0.7750752233807894
0.6189902476642255
0.0021025354882906466
0.44880830315145914
0.7942652372732737
0.9965644211905185
0.05579569656871941
0.2880553868235376
0.24569815074833978
0.8877418730860074
0.07672748621752601
0.6910001337573579
0.6514503981528506
0.7100953626956179
0.30424396644113716
0.19176397157784497
0.9579988167584494
0.0027595481890552165
0.10821425086788494
0.4713089930020051
0.7788023521643463
0.7731197448798688
0.9226535477350739
0.5709389131246818
0.7770076659286285
0.18558567541609694
0.8257676633339008
0.937681561766232
0.6507285265112224
0.5432082254307729
0.32108563169305615
0.9323902388793472
0.054698311962749324
0.14409360490882395
0.9992244044239713
0.5936659932274968
0.14973250701541163
0.015949453103045297
0.6306126728565702
0.7312108419326275
0.8485011772284403
0.6114544861767075
0.4457395335862693
0.38415998816256436
0.1796248246544052
0.16788880776094883
0.4085828585553477
0.9342705818387058
0.2627137624473328
0.9293436117082936
0.5463277275925276
0.6344856938098962
0.6339625771994273
0.09440542387173823
0.5422200191225701
0.741784713699938
0.45966985939505633
0.01203522615412167
0.3539887872310037
0.937823493787848
0.7610067615081748
0.5939134636499144
0.14771525064207514
0.6748023114152637
0.13478406329161352
0.10312731021286425
0.6842357627132793
0.6464836672879575
0.014287476423718415
0.7504792692063202
0.6580675150040483
0.09824328930375881
0.5371189382014798
0.6336837050612907
0.45208565518680155
0.026224832611160487
0.3412622373171377
0.7890141718501142
0.9288267434603408
0.8134578410637523
0.22611677837909228
0.17755422212993133
0.40364902641791733
0.9758152607511832
0.9180753778714326
0.38512795435653535
0.4182008368046801
0.3542467743234661
0.8735622083786614
0.9908028210833011
0.5427984785933635
0.4439555438998335
0.1681459920221562
0.46303882270345764
0.817352956502974
0.8531817783913334
0.14804758815877594
0.37667973334105165
0.12752990665746777
0.84490830847074
0.08072399174132538
0.32423658663350086
0.26344359147027174
0.6798616342625818
0.3319788843046223
0.018582104804057975
0.7355483679304433
0.5530493506700376
0.8012020572856109
0.19546895591582114
0.3951358321177427
0.02640847206794894
0.13548889816318077
0.6815428184715346
0.18375559330920455
0.7109773417211083
0.5591089828695861
0.5351695642522967
0.040363794404245645
0.5461502114873635
0.6162550581055712
0.1496739612255693
0.133395981839475
0.6209451679632445
0.9238855020737653
0.5108658186148911
0.27554165276413634
0.8509105581703973
0.053301283612734895
0.8268007076571646
0.624529392424553
0.6662267329046276
0.23604309978274607
0.7199453332843502
0.35465620407553744
0.3327179810323304
0.04280781982161286
0.3314133934033563
0.18358963023163688
0.5669319532070618
0.7284194257302157
0.522757015439673
0.6597495783636556
0.8011410087960584
0.563158745808009
0.9831313670491244
0.3846436785486509
0.5612268552552102
0.13583431349784836
0.15367895841573964
0.8804633491518068
0.9365439610277353
0.6797821077660138
0.7756145630444764
0.3203993116278119
0.12304062207977196
0.9247874774825859
0.412297678320831
0.1197245845479511
0.44223666475640466
0.11548059526873566
0.3591333885384729
0.8233630157333245
0.9611406918753933
0.8461259586349317
0.5508663223943218
0.5841650665203972
0.9255391305749276
0.6176724319303526
0.2813395536104579
0.9627368601206774
0.021721092983954193
0.6015532510454171
0.5940889140595096
0.49247711896106905
0.26135905316336494
0.33931021865192457
0.8307643833569931
0.6635693515092813
0.5053790789459975
0.8194986551344963
0.7586928096492704
0.8826677734133666
0.5656559108791759
0.35429944635545785
0.0036241759379118665
0.29580534338145115
0.2930184604320092
0.9083597549195568
0.17448962201763307
0.3660187074449104
0.7402761935276911
0.8419194480987013
0.22201792284006938
0.17975255909930543
0.9943966754993139
0.9850014656510842
0.1479695026511978
0.8449990756815493
0.2473385049404806
0.0760004466665114
0.14978945743834804
0.5867487951643975
0.7181725537952934
0.7243477816260269
0.15352561044255775
0.8819060921222821
0.9922914768383153
0.17536439893394506
0.397906269527482
0.31739343352290716
0.7866020192217957
0.9910891529403132
0.725765413221569
0.9126937006761764
0.09276524550448606
0.4985830195844432
0.7262891316540008
0.6877503946256898
0.47176139859064015
0.04843887905585076
0.2754605049986576
0.6285686390675902
0.5689918360518096
0.7263019721401112
0.10316803407968367
0.9148619518161931
0.46198672340307145
0.7568870027092842
0.9442279665948716
0.8260785206262962
0.40987053987256084
0.42944941967402284
0.9554293088333614
0.3516659454361193
0.734978326927554
0.6325242853711335
0.5941711095238233
0.5784473036829212
0.20227006067847264
0.4711001959088994
0.6566742524848173
0.222411740771987
0.3000616860311698
0.7064155046404172
0.31699975260183955
0.09179281562417319
0.7478151289573305
0.4530266355553574
0.31673128791664684
0.5552372544931834
0.7222087866749196
0.1793029434638591
0.29105464485219024
0.2936711970510064
0.25563409964840367
0.3888202206408695
0.14552855851395363
0.7691841731457791
0.02839576030348301
0.8103762924893303
0.4634626799183543
0.36396037274507154
0.015738032551789294
0.6774880831437635
0.48989925720330874
0.938771978178736
0.6446935125635569
0.07955852198237823
0.7464636630888206
0.5442320257849595
0.27446013038919204
0.7675894543373698
0.020186964380646488
0.8871935767624104
0.6971410905284952
0.03123835781273132
0.07325323265110861
0.5622188573799767
0.9026632878114087
0.03684048428697828
0.8362585568973875
0.519015354870515
0.5287884276290111
0.7911451799025244
0.3556040631922939
0.210195737104244
0.3568461190985657
0.7814064801774605
0.9554474837067946
0.9852901402220087
0.03019071328410816
0.9432655623982831
0.5257461594091644
0.6400375162335374
0.27661256660613986
0.8623887569640056
0.07166141658260439
0.037576887296620676
0.9392833615167338
0.7679028797416045
0.9196168033186916
0.10548176848081714
0.46273094699639405
0.004124334306077726
0.2229832776039795
0.9831808524514098
0.3608672166109932
0.2863684811733591
0.3944422536671546
0.8263508073268042
0.3462251349483074
0.5080975337103246
0.7317326524682986
0.32302372713781247
0.1354626171789972
0.01565104169560283
0.47224957540167223
0.25981877339043913
0.20310080498226823
0.21440258976917548
0.6115713834634502
0.08590838293211656
0.7996515360506782
0.6099487866414954
0.7876996515386405
0.20197896948954153
0.8445933024148837
0.45377607627868777
0.8040844657330386
0.6500808147707107
0.018851570494986536
0.8026867433299527
0.3280474666191524
0.7083183731049225
0.9571043344513457
0.029035959040519588
0.5220633111014581
0.4625637478343718
0.9582456380604536
0.6819255564913083
0.31037915714857234
0.1198258396675087
0.2902785668093133
0.7639487494913801
0.028804964622515028
0.4309713442810832
0.07810705665365081
0.32538082399497026
0.5117611604220924
0.7666026447233629
0.8258735631507439
0.31273439858925767
0.6346353446498956
0.3429816540846571
0.07982657935129112
0.008628637339795686
0.6580210617665121
0.11854704660096327
0.3055566512442094
0.5328476242893248
0.8804121199984039
0.6776096543724519
0.550219983237997
0.9542577070657168
0.5555247024893624
0.09344415999509792
0.5259655860587307
0.1138703284824023
0.05062587161712728
0.6393689748345943
0.34646868329220215
0.37143846044169737
0.7049919012331856
0.08373773005483742
0.32633852335715074
0.44298210344705824
0.3256226115367724
0.7662097095108484
0.5815240161697988
0.5474067762741168
0.31909613896410316
0.624393647876901
0.7229687531873183
0.13310313451647948
0.13999089264196196
0.7531125252399282
0.33312770275029013
0.6125865026225636
0.9919032102781811
0.34138109831080987
0.05928476417558737
0.017533822081061023
0.2348689099017789
0.525766103888156
0.20790643222019467
0.2542667327034447
0.7949633298781684
0.6727950752995302
0.10524898642199942
0.9285579153665209
0.6002725879360258
0.3119936267619621
0.9057883255090067
0.8915533181351283
0.796179268536539
0.550159172725426
0.18689482326801699
0.6294252882602798
0.7751753668052364
0.5349792165938454
0.19963687547488584
0.35651324720525035
0.3338090466197874
0.5232356245436707
0.6144965057202083
0.06038070832518261
0.9627801646751335
0.17570779750268128
0.29993541086708575
0.9870168699975301
0.850379277878565
0.08479955078321089
0.16312085360771866
0.17944014891862792
0.6225358971623987
0.3453241488136436
0.39930422650834996
0.794597143869938
0.5571783948418161
0.33418322367040276
0.5627929322607303
0.3981229814039231
0.06547318642505906
0.3554966664675323
0.309653045853824
0.41830962864859056
0.8118584060700518
0.5799241292809192
0.5795993580262138
0.35755006764714903
0.8675627791963543
0.5846158341625929
0.020459450106581123
0.9264343370436026
0.06477543436824229
0.6398520317202627
0.9629156914774466
0.3006467939047297
0.30666493855709454
0.7301768924125547
0.6292065780118901
0.6464872055209088
0.31690816101654984
0.18855652441115534
0.4885865582362756
0.933383898640658
0.1676647332686212
0.1904870219833572
0.7683286511436351
0.3119827190758795
0.8952116287617122
0.5053192580494448
0.4909122110626827
0.2853788984905308
0.2709804112020746
0.24385621502953692
0.10118644071329053
0.43019202801774226
0.44900882486456073
0.1361326268137657
0.972825129110001
0.2914896687979922
0.058425633878206984
0.5000775775094857
0.7502802977759813
0.5121499016152786
0.2951166669426659
0.8655830719621624
0.22484298776017186
0.5000831354929411
0.5965287840162801
0.3523781609366554
0.9257912857058399
0.13200731156163892
0.8257680086798951
0.8174346852714236
0.714439714682912
0.28357043082134603
0.9347841819761429
0.957931557170504
0.27647213484289934
0.13892299701874444
0.11782854585298552
0.5351183066521399
0.665206937404567
0.23789657573860512
0.3065270003081413
0.5534486766858973
0.7843269161522071
0.9646693112224087
0.5344534772099878
0.132658764633927
0.6249053733727488
0.6656730270005073
0.13772131075153404
0.1221953138598173
0.49981680697673525
0.2610331933991408
0.3263906844783353
0.5991678502321482
0.8323090225441525
0.6420082934994693
0.1527760430853944
0.25179049521811203
0.8688413766309677
0.944537334064599
0.4803568522218946
0.05409723842704017
0.9129986309481455
0.08921300746042848
0.7932560688318873
0.9380735372570044
0.019531755808827045
0.8599258852227569
0.8349336444412683
0.38284235243165465
0.1742468602695355
0.7616053281275563
0.34165319478235534
0.426666494786881
0.5979296729735848
0.3174497659491762
0.15192782072939726
0.8242874912182572
0.14190623988487472
0.7686989547773433
0.08966421635483579
0.5032608895136419
0.9180368767805653
0.17946210788941386
0.81590593893288
0.906738291055164
0.8762751634580748
0.37733512041925565
0.40243302649287793
0.060463313432285615
0.7284521842461533
0.46271321338523275
0.3305131907462526
0.8799868541211446
0.33563207098987125
0.42283831190856125
0.4252987304728759
0.5350170769554585
0.47462542243009875
0.8303647217787553
0.4689919748857987
0.7085231663595799
0.661167668259081
0.8209157949386945
0.5182421206527519
0.2742027122258657
0.5809760494796319
0.6269672447969799
0.9812209378203951
0.34446871449211325
0.731854807710691
0.45293480927321994
0.5774916836513022
0.33558377148681573
0.7757329943865217
0.4222749468842515
0.49833591655377796
0.0990057646904865
0.947125861763908
0.939869774370192
0.5119035848793296
0.29044380495529265
0.5048020223262835
0.6470333853570598
0.9601640483962479
0.6282935071381712
0.006723920178233422
0.2509053802723018
0.7206569882094149
0.841092966071403
0.2888757171437124
0.10291880601050951
0.8078434008163786
0.29959828785674936
0.0740674215103212
0.816693372716274
0.05021557921697006
0.9113815075690896
0.6154794060182522
0.7658356059359173
0.8131545231281796
0.13675430004779954
0.8360561305581673
0.9854209466164185
0.5666230597078807
0.20185844548985687
0.40665027998444003
0.5088771404465244
0.19207320895701652
0.12370892463748984
0.9298126402008091
0.8995643965516968
0.6217305173201353
0.6204287892691578
0.866175873322188
0.8800911466321302
0.11366917281957689
0.8525797306031064
0.9478519214276984
0.7061512005211719
0.8341377470243387
0.4445245342798405
0.17218238502782524
0.455767770045707
0.3352602782736447
0.7416567339742801
0.054967391356589346
0.8947176145212532
0.6615239690431047
0.7180665710594087
0.9288679301986489
0.5472340388493431
0.06059127225141725
0.0036905423711723895
0.4014580742055407
0.018801019942188635
0.3647553024156549
0.9769416617496858
0.12649661633262843
0.9459678122372221
0.271593355538833
0.8887528730776297
0.708796987050857
0.8292900932620355
0.7381132681824609
0.19738904861245365
0.49347757555398064
0.05189517214190875
0.9358857406978687
0.1937449962242772
0.5606091402206288
0.7504165759424013
0.709815499447418
0.7707439292616454
0.8838405100294293
0.8463393448137424
0.21891486778666258
0.7473873346894571
0.4101778186725573
0.8840803150211671
0.21396836525783658
0.3305371403908475
0.36419323058226793
0.28583207751511863
0.030501017276824527
0.22026246344030098
0.9325253744974638
0.6167945020073413
0.2554772134045098
0.6263987407347595
0.446103522115614
0.5830710265657932
0.8300590752792254
0.45886209062376904
0.9860276418715028
0.2751425278625843
0.1167944259460929
0.08342686985789904
0.9223601690655716
0.9536106648649096
0.7285806697406134
0.2587043105773015
0.4199994295983642
0.7630571028726518
0.9240717014127009
0.2837455754558409
0.20615500999471248
0.14770726566534176
0.7532197021750924
0.9070303501511299
0.41913059524828666
0.22498973966807712
0.5096608179988009
0.027227012953122687
0.7030505200275807
0.9879262791575993
0.7182124819651159
0.01910499474669991
0.825992509862219
0.6808255286210945
0.244842799177718
0.3673836956295671
0.2417288260824071
0.915799085801764
0.8210379895380411
0.1298048513947947
0.7753541718276036
0.0998061889766717
0.685191445332084
0.18783194150054272
0.5374181377283551
0.34010862492319016
0.9411462761563525
0.840236001135584
0.5729341159396746
0.5430513390878169
0.6877694920385928
0.7816315829074691
0.6773078243361337
0.2515647584145069
0.49193710876970664
0.9560438139420464
0.877324153568757
0.5546305896047439
0.9749934174997772
0.11350886962417484
0.1677697665968918
0.06478955196877889
0.41415134835044576
0.4786419868972567
0.015231618387892665
0.14807407396144012
0.28943138387360023
0.6288124094897687
0.040259942732474796
0.5783490234632287
0.35577783236812754
0.30699306798772885
0.9449415078361025
0.3827268921496265
0.2760414884963025
0.1268997225785684
0.21339420250857
0.6359460000254602
0.3975989751726998
0.7240160099994448
0.43760212351986727
0.49877914364370546
0.9818644472147473
0.7270335251998199
0.4426001534079054
0.13074551995677886
0.4647691430537002
0.8104211804247643
0.2377190018735611
0.8062987615212875
0.5551120623296475
0.5751366407172129
0.38484746200747866
0.35643609358230877
0.004326846744711066
0.40125205955095766
0.40655041471546727
0.3911126156821749
0.6242500039563477
0.7756905840996655
0.6421811567718565
0.8127169250371202
0.9396362809704908
0.23854520702482307
0.4718434462985286
0.8646304125500055
0.11833247349122056
0.13490520492295865
0.2702529998159531
0.5718741369201801
0.4428166924428738
0.22285650401197588
0.6660925014082089
0.928662478088067
0.8188336597066672
0.41113893193641604
0.07920154025784609
0.3485911061208158
0.2514129938344185
0.8435226448651421
0.8322646928182058
0.3961509948502637
0.9043250493212638
0.17192598381535928
0.9390380661464397
0.16194033113992234
0.352037967676339
0.7805777437607313
0.8232792984035209
0.23437454501695543
0.6444642905962523
0.6256647404220179
0.030011178690746654
0.8520051825763719
0.34462875385755676
0.17188843253135855
0.023439341328999497
0.15263176572996873
0.7532571413459814
0.48495645629371054
0.36382590318772623
0.020658986781783684
0.3335411609305199
0.7182339317898367
0.726621430715483
0.003907090456732654
0.2434354449256242
0.7323600669227213
0.01763564425662678
0.8343693513330885
0.43854172591604024
0.35728061137263434
0.24472356847554333
0.3108592230214766
0.11759739329983288
0.36513794072222305
0.02801826796968432
0.3709579727777572
0.5826524258367831
0.8376932282350991
0.7507937566542837
0.2462357474984207
0.48329144926863266
0.45528509478755175
0.9769999930463271
0.9408010832433575
0.9241934628527195
0.7334256225261473
0.5558150825672177
0.4515915243313755
0.2056022628389822
0.691385742173888
0.7190156263783649
0.019738919047709746
0.4177952818136763
0.32351437078770684
0.45196834745247294
0.9504227424824014
0.3113384019985326
0.09403331807691795
0.022324242669921723
0.7481901208756658
0.09546597409326951
0.7146378834946165
0.8881218795892534
0.16256934228198827
0.44888874524606925
0.017387672807349208
0.49593401347448607
0.30094185078035873
0.47888163170303955
0.6161771612835911
0.4364491144977434
0.48230249131799696
0.9946064848291034
0.3627438364677553
0.40395662429297974
0.14899708217448726
0.3004080120785275
0.3454097745413178
0.7931550589991301
0.6856811330225563
0.27479912474149093
0.051003681901584
0.5266524318235193
0.6370579194233257
0.23329497803502774
0.9902892583865464
0.8358641954872748
0.381542597818171
0.6814440610554633
0.5441902003070986
0.5244484708550863
0.08954478613693562
0.9708370455312543
0.34692760869238626
0.7776307348584004
0.7574917516472282
0.1472170517230571
0.787464878430459
0.34133025783800464
0.5646858282728455
0.24623798993567392
0.19602687547868736
0.647287685691488
0.7891347844243
0.6759679032185595
0.8910294189449073
0.4141789838053884
0.9647262659366946
0.11167922895746107
0.7691983314987547
0.49810417368736104
0.7576171730661414
0.47965476136968177
0.6781106100559158
0.49430962365562037
0.3369806433757949
0.7584440609902712
0.8810973716370838
0.5089793959242823
0.23485915356362463
0.5487158532109271
0.8042976248565608
0.44535710830696473
0.5065640501178381
0.8312139694586138
0.9677421612896633
0.8254129813173094
0.21961630731565274
0.9490398287356807
0.3015200532910167
0.8467934611308436
0.9911108502677013
0.3412092263595985
0.22695047453672457
0.4172982012754103
0.7906038289225448
0.7028050512787263
0.5623735145081956
0.8646046972318695
0.40130569976985786
0.17898125491894779
0.12943010510979147
0.050031304470845805
0.48558107839848574
0.7284219018041782
0.8951897784674703
0.0664253599599991
0.6862191388029009
0.46246752552057124
0.8128557251174569
0.5788448091414786
0.9490388290949676
0.9737393407227826
0.9459841221665233
0.7192147613760094
0.6274446149225699
0.5843785466415301
0.33340661245865055
0.30132252624195166
0.9333412603412234
0.1946786130323377
0.07009098622088139
0.3817276068147646
0.7482392563347184
0.06610570049155973
0.8789255984043305
0.8813810424458233
0.731861321241408
0.9194222323824262
0.7414418374156351
0.11607435865021842
0.3601120693059594
0.33233671879718263
0.8062191793682247
0.339022613003235
0.004708480836723927
0.18604319932286462
0.25883405508455115
0.805432276717607
0.8088490084678672
0.021472336897683464
0.31495113429135224
0.6743404834963669
0.4543629327389451
0.5416846658827561
0.5675381942140247
0.7702061975392103
0.348076349818651
0.1550951877210085
0.8737294231602664
0.28633042486834914
0.31591353111382703
0.879289862020256
0.5734765692788164
0.031666336488445745
0.979352638304612
0.8553453871754828
0.025775808302787917
0.6895947963493181
0.961624413839965
0.7091385066423102
0.47978248887417085
0.4436548644628526
0.232326887652738
0.09057442740115706
0.8722910820947978
0.6799574375331869
0.23839417674862196
0.28698537982063765
0.40894128231027493
0.6353586331851093
0.1333135255664344
0.9222571163541193
0.38128837181583775
0.9829084231072591
0.1028553845081428
0.23205230882182604
0.5126034775941504
0.2939315975554073
0.358671614826346
0.4092480503796616
0.7369646503288105
0.00021479483203523664
0.9961818771593896
0.44473642800873514
0.8434931455132382
0.7168389641292707
0.23214642470732527
0.12343771171967277
0.3664925662561209
0.8227403838333611
0.16952522293137684
0.21676240047393236
0.00716413455336995
0.7660793004140563
0.6193093486420744
0.9137634335708384
0.457596158471149
0.0843454046962826
0.9669885147560815
0.7420474737546505
0.4952366597675344
0.7102299290141312
0.6526455190139016
0.2720427920120856
0.3975231086137412
0.025309580425838973
0.32117392938908274
0.851908392426175
0.6554409488533182
0.5515474010869239
0.5649509105574393
0.17346897068422673
0.6302366394657444
0.7130933085905482
0.13790836399043283
0.9169041511973861
0.436312752902446
0.22197076578477715
0.2020537130752249
0.3506621507369989
0.33933535061748343
0.07787884630222286
0.465114140011641
0.9664201231664371
0.7448119217829772
0.10424593993827491
0.9789808237002005
0.1607602578992957
0.13610111988604312
0.7749064925889122
0.26361342137460997
0.9714271415493747
0.22016078399509365
0.7668974421103734
0.2978019342768927
0.5370602612735473
0.23578571952457184
0.4860881312354548
0.4216159785920597
0.07872533971396978
0.039934570874317954
0.008334769045716284
0.33869008658709543
0.8514133158028994
0.7895374621097824
0.2628645080295011
0.6866231144285482
0.07004392025474337
0.6002483551880211
0.5811051263091225
0.8786109599860568
0.18651895018482967
0.06195995237781404
0.5406401949082515
0.001395049448214003
0.49106573664578446
0.6552507701920527
0.0751765711289698
0.1995529567757004
0.8958235904461098
0.8803233198530784
0.13116826378305158
0.7422509783876352
0.12625810492711875
0.6133832946955282
0.5272174159238538
0.7559982363456761
0.6542250961170561
0.008271502761018512
0.4960383007297653
0.8238886213078607
0.6469851777483537
0.10904984764059189
0.06630047350185952
0.4539020653488204
0.11975103355472894
0.13187876871978554
0.659033249999474
0.8378454889350988
0.2099544161260405
0.33178028053479136
0.8456484941639544
0.23931630785310887
0.25655217681682374
0.9988392011098404
0.45116410282509545
0.15926797875931453
0.36713922315959047
0.31191423296827536
0.20305778173288913
0.8700314325257879
0.1559853305500951
0.4604683577599318
0.916123476128397
0.5180492531380865
0.643102740278948
0.3574200250503834
0.5386955096510948
0.3542693295332695
0.5845041605442616
0.6262691539018228
0.8350860924567005
0.6831580230361021
0.1135083912624637
0.07465346201519041
0.9741839130702303
0.10776614487731906
0.3798666614094546
0.65022657665665
0.8538079400760028
0.40575052575410053
0.6196001934916704
0.219323725157206
0.39355573173774205
0.9798205672707576
0.7059966524428323
0.21028691331739635
0.5854553079867073
0.8906342108783776
0.763858162996151
0.5610578843293388
0.504557705032991
0.34175733940835396
0.06634207318288521
0.11474969029103144
0.3415179676199598
0.4376175673861944
0.7227506183193122
0.9350379884114777
0.00822869886886779
0.8464824212542521
0.4633495417477531
0.9844124699868828
0.06548733747312752
0.4424519080298721
0.79217072357417
0.9568858516742083
0.9602730031650102
0.49132698629831384
0.6105455255003229
0.8971755523926974
0.3412569978924629
0.5330065761274148
0.7215484863127792
0.9289959506546472
0.9248056084141931
0.2915209884299437
0.8493081922879371
0.24712463307988397
0.755557674571754
0.30785938393106926
0.48310779969200013
0.9025710608945268
0.07043928590808846
0.542298495687211
0.33520779621218955
0.3483709721668331
0.03857624769238255
0.17156368267982858
0.5624847030073046
0.5845009319981491
0.3016684462291763
0.01136885324833603
0.5749056176247314
0.5266815531372293
0.5700723547666957
0.22240342935353952
0.12932664529390614
0.6525150234808077
0.23877152576612715
0.34125266106093854
0.40521121666766535
0.7681968157688317
0.6399070028051332
0.892286600117014
0.9164082618182172
0.8474584622423484
0.44796231425246047
0.02132924607418296
0.4608393917475566
0.25616028212203457
0.3479540857837591
0.05134631211189422
0.7192793991782138
0.18182070345970947
0.19120951292675392
0.228003161098421
0.06001697694689412
0.21129532520681593
0.871445405466388
0.8839919619736074
0.2828180143780772
0.8446907336301386
0.06257599609642073
0.010791038617827597
0.6782231030079411
0.1745292562092149
0.12508209097874845
0.8006474675488533
0.09353375202772063
0.4350177889497686
0.7014014474765933
0.718232681531265
0.10774768878090035
0.7458367434523787
0.6444177634597319
0.2467066223027763
0.8271326163921999
0.2980539355701941
0.6709778552009191
0.984702361568345
0.5529991212555545
0.4025938616040412
0.4097437273699125
0.42418615677867444
0.378204869400258
0.6586969666625853
0.5340109173098502
0.9138183342206676
0.3504621055560473
0.7058496498117806
0.37859219961398893
0.1527643144402102
0.14975003975044232
0.36300592013957944
0.5517656765792853
0.8932394036206246
0.01936905696993252
0.6592904667363231
0.45458565299841625
0.0418505473901607
0.426615485862593
0.32048931231064315
0.8380168572573443
0.6656563500508068
0.5829421178709566
0.6886286209813555
0.8830899928588836
0.7350046552941361
0.023307485411761864
0.6924190561331156
0.961204798260527
0.42690600925278455
0.06091530097246989
0.40130281653985445
0.21506850336552263
0.19574909082762293
0.7395733260901347
0.27094480864768156
0.5770038868048752
0.1488149096020801
0.460037600905739
0.27373887202497005
0.29089766446596643
0.5232496902321195
0.22619711905213014
0.5762510521432391
0.4339396681093828
0.7359543149148422
0.09141084742430694
0.28570221463929557
0.13884621756409032
0.6164320667283187
0.4886713937682967
0.3926175256875202
0.4515969054788409
0.7995982000924469
0.5502612832717562
0.26090395573761604
0.31532879112354983
0.3191801625184394
0.29458728917003696
0.8661163781764065
0.3379459084536318
0.9802221589884637
0.31553971612295983
0.31967532448206204
0.3899351818322594
0.2826722237984629
0.2879283885600268
0.5173304702754951
0.057436795639905114
0.47819804432312196
0.0834651447417003
0.37074198660788826
0.42532302780608067
0.5209525485192212
0.0586449982364603
0.21642252673573337
0.3817598046138231
0.705203042519212
0.1033392917728857
0.8855786678782473
0.9364287962535616
0.8398276399574607
0.14295615156862018
0.2731694837714389
0.8015354481903261
0.7240278951478702
0.7656718121936752
0.46866691607332833
0.42381034769473414
0.2741741378341713
0.9854470295991262
0.4175759333013196
0.7997292699788399
0.4978810367906428
0.13692218845815662
0.5314183032375939
0.13234824449969707
0.15497083136673484
0.35441259898553024
0.12172047898604865
0.4581305016107735
0.6193497129363434
0.4497055560999741
0.8224940259856925
0.6971349808849285
0.6194005005103262
0.4285680359767172
0.7901996641546312
0.001856881902813523
0.23340141119004265
0.6044560228551477
0.37538752024674493
0.9664563004864104
0.9559479224435623
0.0005089062941936451
0.45766621906976135
0.6159611831669471
0.5120420956872662
0.26809327029943675
0.3812584458768731
0.266197607442235
0.3207829555638544
0.28259830101710004
0.13035514722367525
0.4580901992812476
0.410259752122216
0.6731136665085635
0.10050926959500917
0.9242120205647566
0.7919692097308786
0.05832685939418325
0.4752939632094486
0.17908279346416212
0.07132938793447918
0.19343531789149826
0.565801465472888
0.4861000614145772
0.6581656061256076
0.1644295445091819
0.7230773249145714
0.7703566952655232
0.44469977076078404
0.04598173459259858
0.4832255847981941
0.6049529214793703
0.5822653120371488
0.5163286384185843
0.5689213874385806
0.08522117154607356
0.40476499680372746
0.9872976015032284
0.5438176468429341
0.006310160311117752
0.4509761304821496
0.34416939828568704
0.27479641753834616
0.7175652580047462
0.7904486934166153
0.6559151234154137
0.7905070371603562
0.6474605538158578
0.28168835118025926
0.1719257541124548
0.3502041388876598
0.2813113022740996
0.14319136228509888
0.5945104308402323
0.4869707488959609
0.375095548395576
0.4387759477827935
0.37408307920530226
0.5122419207803599
0.5707201133399809
0.6829442679547242
0.341623356441058
0.29081364899218465
0.17581047864137567
0.5738104533341424
0.9839415867010133
0.09887521727332582
0.7362724984128697
0.36603510031923103
0.07658683616934314
0.6748310192175975
0.3465841896312043
0.42237074316656065
0.1153272581865179
0.8831397982778566
0.18926582479732512
0.688270018590325
0.6241475490563559
0.6422647887688142
0.6097952908471853
0.6227144781056995
0.23353245515583798
0.9870232753731032
0.05964383861638711
0.8932093490156559
0.005947222191449164
0.40832216184049086
0.9257478145881872
0.2399699357718772
0.7719789837490691
0.6669615891064755
0.5664322367448507
0.7416246563212614
0.2642161173154307
0.10891138277899293
0.9671003445145658
0.20128999648606194
0.10681150819393781
0.17725396421305373
0.10812046267285047
0.39287714025487874
0.8106025088305422
0.7751735958184911
0.8795952689238264
0.7427920817780038
0.746759161413227
0.4221115619939475
0.9866551382894839
0.7898625557696182
0.34832959601268465
0.9286049001985577
0.054972854689858686
0.1710206011263138
0.017897263777358674
0.8241498459383898
0.5226587446578328
0.3396116503416584
0.17655115632681606
0.4024709970803275
0.7380433039695675
0.7607267020623625
0.7736669444742412
0.8749247618450695
0.913650505275512
0.6421622719995685
0.7524353922926621
0.22018138908396723
0.5219807016595666
0.9349798348989695
0.14864102609717733
0.9118133933434283
0.05951127426950231
0.881820801616036
0.4785657618196939
0.15838345313357927
0.7854891545673612
0.9784864317050974
0.19691419648579633
0.10835037551137505
0.6776891372450979
0.5538862026496045
0.42608264724121336
0.9226646483494712
0.1782281009947968
0.018810721702237965
0.5246685366730985
0.7305647402652209
0.161523709101683
0.24053522189963505
0.5050601463330806
0.28019511484794024
0.6588516749245727
0.9858371109293718
0.2277939834853866
0.30029458316697966
0.7188857564332316
0.3959466897436523
0.20002209319669229
0.06348434377434331
0.8857764907698524
0.9974150722052599
0.00933767853596601
0.7065774546196064
0.9417777394877851
0.6669713180828651
0.23237268666356958
0.6810722647222713
0.642107509672118
0.7782751084430735
0.2895989611265022
0.28512260592046945
0.07475126627108253
0.3520834455214601
0.9333600587857089
0.7902593010162482
0.804574955848324
0.594713404559698
0.5151465936345652
0.36513391446875554
0.1882287183368705
0.3626303903361472
0.9045137653022162
0.9900047247641883
0.5890060124071508
0.2838573619142133
0.2739254946289782
0.3799514099689736
0.37625888317614065
0.12714637890590907
0.8571276197667259
0.035075420096883025
0.05547450373341167
0.09336007441618999
0.6177569068690649
0.6746193344892903
0.7674733358138879
0.8268752970704334
0.03342081576095857
0.2590436457842309
0.7383298836027847
0.9168197018576438
0.6952823280766147
0.6933746239126728
0.5715017999519543
0.6229364558637107
0.9444277272327148
0.47464967855981244
0.14353044935440584
0.615044564153183
0.22630184895263805
0.8120407366601516
0.19789812185266986
0.42798120567890985
0.12555676657403447
0.1886435141760212
0.7568950437368727
0.40559549180816035
0.9976046501934885
0.6762706290869684
0.6266496117152953
0.8011384906047176
0.6048823556099379
0.6015544897848755
0.1554684810873932
0.19050294857723205
0.009912620068781575
0.5688710976046374
0.161868539799497
0.6268555040741743
0.10771639021303359
0.7052806687566784
0.6500698372049565
0.9264043568680382
0.8487021410956097
0.41667954566905774
0.6594311125794139
0.23610484508893403
0.15957340433784073
0.7305441720753514
0.23415144168425206
0.8136917728624187
0.18322262416878887
0.16448269258081782
0.4812179206878586
0.153260405216622
0.3808033247727445
0.28271607017669487
0.43292215830239744
0.37138801516394193
0.833350884071189
0.9047636305256286
0.25841539396690405
0.08016761449945564
0.5066313552977382
0.3293642706234432
0.547421139548536
0.2509740108166916
0.7683467905409993
0.15357132436022924
0.5555626665504323
0.8318925488849085
0.8825943149825832
0.6908723739220635
0.9088120132428208
0.16230528893014617
0.3552308808343143
0.09659116518506505
0.13451771444984217
0.42741803440489323
0.8343300347078522
0.5775556765275915
0.8803854767116175
0.6354667917322263
0.5982377356471642
0.08916809286220695
0.6054555275673452
0.2941839431359752
0.4165191329376945
0.5394134130214301
0.5976999372736362
0.20793034424200307
0.5047146291701448
0.4557383957527015
0.7195431355726183
0.7734803010718523
0.867955401545891
0.041161188261152004
0.46267028282861467
0.7066791989215528
0.21563875194461235
0.6703546234655973
0.8418275467884748
0.8998755934887852
0.6249338007320102
0.9330851545000889
0.06833390908183001
0.19319412803028246
0.44994513091835087
0.5449256644836822
0.5404446660346425
0.7450364527178319
0.6381654253909013
0.8394111148223906
0.6987355683759648
0.9815874841489391
0.31660140708466433
0.5413837585909851
0.0969181970488513
0.5903519417452605
0.616436549863127
0.46624183197659663
0.6926886270542323
0.28039068066636785
0.8604107102441867
0.3057395023078231
0.8932715014855717
0.2768423465149099
0.7842520972312512
0.6737486284129122
0.3714338818827838
0.664276641507862
0.9684808268037015
0.36812555969845895
0.9623417107203824
0.19776446873147435
0.756947519831598
0.11651622443532528
0.35891467702989255
0.9462324027149314
0.9000354184344144
0.6956765233828766
0.34400284869454256
0.4182170038538491
0.3934023788729786
0.16073109512929418
0.6544849770723284
0.682620778871784
0.7669098140183372
0.17762044441168823
0.9103177786570991
0.6736397035453645
0.1053307501422791
0.36858569498628646
0.2446827264774487
0.9541346527298378
0.9448530948724061
0.5393646432494326
0.5435627628266482
0.8165906445232585
0.9561121086173203
0.00045909258519150065
0.06631420745606453
0.4858074694530583
0.5258500474632977
0.12163006042944957
0.9746932239359865
0.1300955749681656
0.8380775518101247
0.4885583570355956
0.3072976941279184
0.46945253554296684
0.9272781442396627
0.47877549373764605
0.1597184832500811
0.4655938322017181
0.14910596328540882
0.8992228168821819
0.8551083928627718
0.9112132590349706
0.5368575727375244
0.03620247982071745
0.815777458711445
0.37755509894718364
0.7737604787652366
0.671346630202124
0.43080735369795087
0.520629913015634
0.5168899816125643
0.10646296774904407
0.5695421764940354
0.8159561578330139
0.3359123565341955
0.012863460156246953
0.25657893302988777
0.3258204541870411
0.46824555336418205
0.4226791004232966
0.5496323813549295
0.6066020111506074
0.5636288559599125
0.13135339815171698
0.18822461449371009
0.9405361270945345
0.3710791608735895
0.6577373772613553
0.917938245635088
0.030305775517758926
0.4678525454242439
0.11620753152385155
0.8002563298928578
0.23437570658686568
0.32108970123048897
0.6964657141238615
0.776351946766316
0.22855631190398018
0.8176611873494337
0.11429655112880921
0.6276767760277648
0.10882146945734394
0.9254881551464855
0.06420527740699478
0.4515275429370875
0.835257138205338
0.09011729868797147
0.7712447679126155
0.10642502148291988
0.9949145470676581
0.18013665618683716
0.6129273531395332
0.9098898591972988
0.594339957520502
0.13201717334592566
0.7758010027317928
0.5624742995408316
0.9248640116556142
0.7680953329480036
0.7132718111295817
0.23327485171968343
0.9938813984633286
0.4404425272229118
0.48507987824566445
0.9961880389179001
0.746370105178825
0.4976797399356325
0.6764504226709318
0.07680353610548818
0.11224337025688658
0.9262985845400595
0.24447566340403415
0.9811064194031041
0.025497885063218373
0.8645587121082716
0.7430259463765254
0.9260146088967078
0.6429437360173267
0.03943565651012593
0.8182235360014745
0.9266660466509902
0.9471562868969774
0.6687730199002075
0.2106280832812546
0.7797722039984221
0.2595870122325721
0.4125883488237385
0.15782761739019202
0.4591915851737216
0.6871552402221353
0.3314874836810555
0.21948883078071146
0.46730960686837486
0.49591126358038196
0.571528149350796
0.569473921064612
0.7797189672074412
0.5550033861186126
0.7101048213777625
0.1742804158719169
0.8033233084463365
0.4681310164380861
0.338925471854022
0.36042541140426865
0.2530483353198525
0.6284345073546209
0.42184418991991457
0.23986589465370445
0.3620313453504853
0.1928207057450042
0.43679463962931386
0.20057707178852358
0.002279443720099694
0.9290830931060741
0.16730592008747225
0.041192388873427355
0.3715870974108295
0.2560203169148816
0.7788522065530694
0.2696163374594629
0.36129699559203243
0.9216468271504357
0.5218916172563421
0.7934310014639425
0.09262565951676227
0.6939601213947202
0.7101899477972851
0.7793647963193093
0.5625167946751719
0.6777071929454217
0.2034831090864535
0.0659678622801485
0.29002898130324883
0.8582729703848151
0.1632666061351713
0.9904244913091156
0.3789894232808986
0.0349955058122724
0.4645874645193864
0.4588947349118091
0.32529012152215375
0.5129215295652823
0.1775637853358787
0.8076465581465966
0.6748676669984397
0.6189986450832274
0.35763507021954966
0.7176604803020377
0.6514019123120574
0.39142256477238413
0.9012135436124518
0.30686185325535753
0.9324362606564685
0.5487855879023116
0.5697287260857027
0.9822809578950462
0.8134667550040162
0.34744232321184954
0.2834247053840526
0.4613019704858452
0.26343101165786376
0.15566194930346944
0.06615131547409026
0.027002000191239883
0.8959817827450565
0.3924210703759272
0.7897768369951659
0.9767600690679512
0.3583876395667911
0.19241506650352536
0.8371852322828202
0.9203066884266773
0.7189425852929836
0.7165384166774034
0.3282335230115614
0.926044232432778
0.6598172271618823
0.8958053144954878
0.3932420206566847
0.6317297370437109
0.49425527247769985
0.39685663331786536
0.10892725036913165
0.08062296120856582
0.2519905938596587
0.8706607272660374
0.8597477984036035
0.36399011306187656
0.25104090638783694
0.05673242543032386
0.8466187224222914
0.9730755310176027
0.40938011250234063
0.6655830422927684
0.7535138140823221
0.6430402761826783
0.03364413086971263
0.32339787426606903
0.34426344993236824
0.5487275787419668
0.36926252156144024
0.932370571567241
0.539045956841798
0.16622165490945728
0.4676368035219478
0.6069311827403838
0.19431017215337776
0.31414043649110623
0.706970910152372
0.6251153073107409
0.2668018716916536
0.8355201714120601
0.2808155819262306
0.8075387909733847
0.17032785842369536
0.4674958673094398
0.009722038307464542
0.8947761732867741
0.15175041635717124
0.6259781585711972
0.18440838608540444
0.4624648061893155
0.9683199742331203
0.8611493548156581
0.21849848165590036
0.04510687295924143
0.04130330260045145
0.6415776783263312
0.5464866334994984
0.47879902519780426
0.3130138671654876
0.6620423215366715
0.19595644410669388
0.8857826560620463
0.2619758341318461
0.8824744523662365
0.875572235725147
0.9873882518315975
0.6430571938391427
0.13501053805927987
0.3538269831829921
0.05516033903890394
0.16995316698874707
0.4822655166083394
0.3379255563298653
0.4095162475161005
0.641197872555157
0.406988816691471
0.9137845216178997
0.4433122801729765
0.22734518471798082
0.5890923577849683
0.2502182633389898
0.2108343705655984
0.12816027794967688
0.5597416881884156
0.5430344513156213
0.196759129906646
0.09295102142186695
0.25146024198839134
0.7376545571075297
0.10910009192021675
0.06643369478488159
0.0453267012628189
0.17792477788905026
0.621058073322784
0.8205512023963468
0.9182973689887794
0.08123411881742992
0.522901711059305
0.6476717241361627
0.7566696264043136
0.49776758024615875
0.4425669683057911
0.6944181620579559
0.8188856920085972
0.8568858780125919
0.0191558665133158
0.12962961130814166
0.8230867346244173
0.43205638090500154
0.23207551579960617
0.03387145574666639
0.9341699913627217
0.5983155363451829
0.28221705471818903
0.9405585685095612
0.5334890114135227
0.04925268364809732
0.3607735449087046
0.5111204172000365
0.5644318233200629
0.9460080715576817
0.08777301952696792
0.6241511682127618
0.657156244639201
0.6218044352093712
0.8947157646070643
0.7912715304164288
0.01901747810655796
0.3737080776584434
0.3034974442692753
0.9189124075429183
0.35391926583171585
0.32201753732852745
0.9296702021003369
0.09916766311325409
0.23500618744031487
0.8949156703082788
0.8606919075360702
0.6695986474618552
0.1718733742659433
0.6028030043311923
0.08423610229248757
0.3632113725072885
0.2705134210035447
0.6633891688705238
0.8338128597955958
0.900073361954286
0.5444845820251878
0.9764047362805128
0.8158682148395713
0.9451429661674202
0.06384828008607868
0.13919386363518882
0.35484092364762
0.2939719249033539
0.08745537734971176
0.967132528645539
0.745274468901193
0.19272094594223854
0.9719392616773588
0.5362363163176722
0.925635291906685
0.8264592542004734
0.26373809430688167
0.4628497243022185
0.9620539861211221
0.5058960922584845
0.9492493294118935
0.03229754919623318
0.9516614716972944
0.1927985897053952
0.5648525144813754
0.2548893543447419
0.8900952572137297
0.7541603313544702
0.960295062090341
0.05058863396375024
0.07875668120616242
0.0105886582459358
0.9406193375197305
0.03153407313852363
0.6086311801660469
0.4570155027966165
0.6936389648536916
0.7219280590006822
0.7011714848884603
0.44301897043995453
0.8098883690598806
0.5646156290159865
0.913685287452771
0.8747957528671644
0.9333154973428652
0.10246553045800577
0.7603909030993767
0.8591376558830053
0.5002642391661265
0.389785911960733
0.9397081226499364
0.8255845606336099
0.5052396816286531
0.9222701481033766
0.0910729738502476
0.8072489751189682
0.904661446054605
0.8617048215392156
0.557889188578921
0.3196340816118628
0.3489438920920942
0.4170301418154281
0.9625670639739892
0.3813508735198414
0.1959772882421813
0.895622815376584
0.853233820296706
0.525026646097527
0.8734639303854002
0.8726723820803506
0.9662572106472116
0.6618675275225945
0.41277118746463204
0.5958860331755167
0.1719354228756549
0.4593958561647806
0.4608459679351333
0.2248192103237976
0.05934909138595823
0.4470758758539768
0.637197359635046
0.7459123654275106
0.014292254236178081
0.7734023894324247
0.36773331112406193
0.8683038081927825
0.8705602133261792
0.0363562152970498
0.15349458942487004
0.6468717509937669
0.019491138953687814
0.6331481949644957
0.4394094751154396
0.3041809348897553
0.9880078739040941
0.5100158693401686
0.9761808549968829
0.696130131027896
0.908056931404915
0.49275161530962563
0.933010395869337
0.6105120241262574
0.23631886342648367
0.4375508801147503
0.48232665239963124
0.5198059745172503
0.08123611408586617
0.825818212094366
0.5798913630725342
0.7321244461776533
0.7197509516823701
0.1814202281467998
0.7691487459645909
0.553929138625515
0.6668445931842732
0.5937870440436788
0.7561826645997494
0.10913434736600092
0.8858255411615668
0.1293002181571543
0.800435669352028
0.7469855932478122
0.6740200367630873
0.7020386010665736
0.8420332412846168
0.5729310468816
0.17127519053693208
0.5245960053154872
0.7860419026856142
0.4496929926951143
0.23687905376090646
0.7316598840791875
0.9797577249031644
0.7933585096739288
0.741874283244301
0.8834570885506436
0.8592727377256677
0.5588618175879638
0.3131067775233545
0.9692528429856013
0.44893418015679587
0.8238878660626496
0.613156943088166
0.6729405980303804
0.8358901614827943
0.7378027166008636
0.6895143806913304
0.7701216681199958
0.2842259692870408
0.09385747736624328
0.5888206690885391
0.9846340951831196
0.07421868682242616
0.5369045024815595
0.6102966105996175
0.4316065885127123
0.6403683804364091
0.025753711825523773
0.9246424780247444
0.9438771137557616
0.13907435469240004
0.6250179345857683
0.5159741675269021
0.19069791807539294
0.2250163021336058
0.6908306747527384
0.9369756461183709
0.8128400515152172
0.42185906516715943
0.1115328853002997
0.23430756318010104
0.9926260530088613
0.598041816145378
0.802339037130636
0.7213946491577319
0.454630971729431
0.030114983896227354
0.331427353928079
0.810720993625532
0.4578107513377545
0.5261386912482624
0.2885647687890809
0.7555223768720984
0.10604591089051585
0.8289622135826704
0.5697330677820405
0.39425660716911315
0.3467934941637134
0.015086203795102726
0.03231469698617695
0.6267163361936259
0.6701993959283765
0.9044034389748199
0.8048957000015158
0.9171796754362991
0.4255987742034526
0.9322845230675707
0.9791019526166282
0.43617588078891534
0.358202048398798
0.5811689827951532
0.7288140607555949
0.4645802195780022
0.9152364908689079
0.44290184124843734
0.5316484063889833
0.29290565266954616
0.47705170174901435
0.8875772747624762
0.5438569868605772
0.08454614768300917
0.452410808443519
0.045257381105662686
0.33050062361736443
0.05346290144710286
0.34357166977214937
0.4005703017174225
0.7493391701341341
0.7194527841367426
0.051293616581745693
0.24099511315236022
0.98481080520441
0.9837721858444444
0.689256872850488
0.9277114452943895
0.4800994582087612
0.5140388105100226
0.30545100164765104
0.15941261006287477
0.28005506158804083
0.3118907365257426
0.35466305289188327
0.07880115567145984
0.9072163881938919
0.9212668052848536
0.6185007829651679
0.44231116990933095
0.43472713239213756
0.02826560721845861
0.5532048819164626
0.57845510482611
0.2943667559027694
0.5283445529926609
0.5305930729057071
0.0578413076506501
0.27344665634632004
0.30579614943171385
0.9902679872648597
0.8562570107049716
0.3652003387911451
0.629859227425835
0.028362033425688438
0.7274897230096877
0.3060190617859655
0.13331327880436783
0.05888645508919921
0.2548116948614674
0.19640010429266308
0.9748956612000548
0.39969666932192194
0.04386873030116045
0.7571745723225376
0.06499002608962101
0.8697868230128474
0.9992834610881245
0.22415782143283747
0.11321936281627143
0.942462781845669
0.6642248964419539
0.4867993778631705
0.8021905551585293
0.7746792396419995
0.7126155781456878
0.8477469278610736
0.5081860932701008
0.9338029269421375
0.35506203395312075
0.45513674682911454
0.34938162150418006
0.6181141975365056
0.042838907674589866
0.7853752811312669
0.02075335693610736
0.5409722654785836
0.5011807751727322
0.21591666222616235
0.44715294495827873
0.5129477709677202
0.028484578423880746
0.7729797670472955
0.33033795199597993
0.9006195627085838
0.01471575435828898
0.987337362736519
0.11629520485387812
0.36068281406622327
0.6920498538424731
0.9923238844914846
0.5105532172918283
0.6960664757247794
0.19876515976041564
0.6126027237640397
0.12051232946484713
0.267976614908902
0.19258766391198656
0.5687485804351868
0.7353426352707928
0.13021934635062182
0.5723633840375619
0.29967796774791244
0.7030939375040375
0.31506177034654526
0.5082061743663144
0.7131073941426547
0.6964400442630518
0.3766704074417593
0.9746706688910123
0.5245016960771978
0.09680025606646847
0.3860423547771197
0.7778713392160863
0.2877343801549128
0.9841880153282936
0.17570002313322486
0.18377852068331646
0.7582688042517753
0.0320353382903491
0.926477728381446
0.21345905544718913
0.3288663102868876
0.8544265889474303
0.2226807733731735
0.7541420621367758
0.3805111168908166
0.5672288170678799
0.11262570905401859
0.9484139080957994
0.931007385386224
0.9872268290040103
0.6140217258888154
0.8210037591181798
0.30941772468928086
0.02745146775132512
0.05184367553110025
0.3886145843399922
0.2895378042713834
0.8534887969093592
0.9684143548571695
0.2905272728745918
0.08979292739431055
0.9068529254381632
0.8996018285817609
0.7026705432399265
0.9856012659112059
0.25354803323497643
0.8860178433434791
0.6643902101491048
0.23094850212554263
0.9167700390011257
0.30863507030310977
0.8411588011762907
0.38668870677577294
0.2975720136998785
0.8141304248590906
0.4053286293140552
0.8605479504435682
0.28935002610848803
0.8423778125876462
0.2586395589218582
0.5334584848039288
0.05679986075214649
0.9049435116775191
0.7831798947263566
0.9385932532962391
0.5128885188413126
0.8909564721953718
0.8122483085437764
0.7454432943767599
0.8523168168240545
0.09157722610252139
0.8607437690246171
0.046632498896207686
0.05624662051543616
0.4009660944348228
0.8116026702457351
0.4747187871980192
0.5028337496259476
0.7546236776140987
0.9383178584449432
0.4379339520946042
0.1137144105556076
0.2634441726257606
0.17932551868564128
0.4863309944509122
0.6688002321718864
0.8544244827020735
0.9701455281294786
0.6892030921579346
0.20327323500074335
0.738887098271999
0.19351359859204287
0.834834855563414
0.5638895576826499
0.4357851941077857
0.8764879851177443
0.35279283940141704
0.08192463907559322
0.6833464951601966
0.7083963227048828
0.5606151317238712
0.712305611240903
0.6393465522887407
0.695589858994436
0.6807703673710388
0.4072396103657556
0.39638693793645374
0.629228910512015
0.36710031032012
0.7274502845634494
0.9282819081053502
0.4297415286317594
0.7607980078964911
0.2609523451204827
0.4986109732032751
0.894874315940507
0.5030789498615114
0.1796143390906042
0.30292116140225245
0.18686691654462972
0.4326312600649258
0.5800370971756033
0.5332130725682316
0.4853638861043934
0.5365341294570856
0.39662761268047353
0.8543755069458978
0.1743896694782432
0.8362091928959361
0.9951598665060288
0.22570181688307556
0.3036089589521018
0.7795862797284234
0.8997122554436141
0.029173392203156512
0.9897920024942566
0.9267188418487351
0.8048193297997537
0.12073352833547979
0.6848669646785714
0.33211551827623764
0.8554752028265133
0.08446700666183582
0.7743793766168221
0.1029879795370996
0.5493158479208167
0.5715816736321431
0.17742476582677802
0.012689201174667986
0.5489745898478484
0.1642986115643803
0.43891249171090085
0.9897384229347679
0.7867970785157525
0.6993024978756983
0.361109751333919
0.4041613973743521
0.9136084108114302
0.3475833937670558
0.5933273020147058
0.12276873758463513
0.35628662432341707
0.6094246918132706
0.7258235807406188
0.060627241752668315
0.5621935397528544
0.26489624555474967
0.9331700964240619
0.7129110226906143
0.7636258132292635
0.8101162587378263
0.3647680662075661
0.9682080027969564
0.671334982561824
0.06691578642071128
0.9751032904568673
0.9747244198929668
0.325915852228577
0.390095804450016
0.09906937644505209
0.7160850529629179
0.21524841761691826
0.7720119086608153
0.7876901901881768
0.5048945607927764
0.8123069438545953
0.2586997805803817
0.8266058407412611
0.9277089223474684
0.9371253033264868
0.6238060729390686
0.41430629526702933
0.0007798623070849331
0.8036107604961809
0.5384565909959693
0.027501614493980586
0.633178731794638
0.44359777337665074
0.6564186194973076
0.5069902354423661
0.6271094723110449
0.2927879596610834
0.7885053323790363
0.8112371324135073
0.4601463618353505
0.27862679828344494
0.6036004610898904
0.27769727761710294
0.696231536419762
0.08426807854627727
0.3850528379139213
0.7448238904070332
0.9925787607933187
0.9800378951886166
0.15083874873968162
0.9712010793706531
0.8840545697257007
0.9156244921461263
0.9646718496287878
0.9452508601409426
0.9947289198930804
0.9391764398617557
0.9989526204009045
0.157359499306434
0.7697904197911674
0.3696834687065089
0.6212066433877546
0.5184891545779995
0.6475040607584504
0.30849223560687533
0.10066210618063409
0.669518826689649
0.9611283860535018
0.8017768339050722
0.8635634064555542
0.37545221313286037
0.7777774902423094
0.6495778566661672
0.37994992736371413
0.21742951155428947
0.008372942352268264
0.6566571731081772
0.7272799089865067
0.7045549929172621
0.6367424342083234
0.21760226828514684
0.26793322718420787
0.6653017818216811
0.7552297336819223
0.1396563392031196
0.1548496210933763
0.3867565874948433
0.4377303368700707
0.9156186549963705
0.19586737840827873
0.046363929110691204
0.34348934054317803
0.42938449320423233
0.9922517258799399
0.26603041214327683
0.8725020164905852
0.30844269212786446
0.40220343664411673
0.8201308222284613
0.8855004709669814
0.7848423699311637
0.7302102524342855
0.010106139150672488
0.9761601992006594
0.6543412641356621
0.26954974019886224
0.7345091544764655
0.4830345523690136
0.439027156572785
0.5159763326383349
0.5576254169637618
0.22451510451784418
0.35464905828715465
0.9262113043506262
0.7255895203380691
0.14164226531025026
0.8179033160572875
0.30008598880274673
0.35186955688574995
0.5339486144778269
0.9633906055322081
0.6820355432751191
0.37403357400333315
0.44745260655589947
0.33223777648792385
0.254270839778193
0.5214400968534321
0.1372988109007749
0.7608199588108917
0.7527077353190599
0.9565228180340484
0.4090710118601002
0.1706831119224721
0.8171202624942671
0.40564401321009336
0.6690288920429115
0.7867677239497184
0.6700637087444399
0.03309886651149485
0.5905901439270651
0.4424407398514978
0.01656447458438004
0.2110250310431363
0.0931477723074472
0.3757112333327699
0.07740704908586249
0.16608814591489107
0.43113390684246466
0.17253642200637898
0.793943349873049
0.12589344716702966
0.6523117190095145
0.048373882959049874
0.33455932104360797
0.010917586763331544
0.9861265025614447
0.8127672889537283
0.5526746069650577
0.8470857766062814
0.2004617932103967
0.015179027063566108
0.5742100040893519
0.45765875475808526
0.03977238292376217
0.09559505036906546
0.34479895703197383
0.14891247737128732
0.3254522294945952
0.44668174120022397
0.5135188859358346
0.7830666570720519
0.29266941637377286
0.47448599148768866
0.40056443351511395
0.1548121780036904
0.7186140971563628
0.3671447996378643
0.45612819437247043
0.44173507027968073
0.18983521558463012
0.22915917409144182
0.5268151224271986
0.4809540246658661
0.44536728400543835
0.5026812002541381
0.3182243871769843
0.981111546488769
0.5395994337711887
0.06965021829398976
0.40897726419892844
0.7155040271124595
0.4257027746121691
0.6786534145608831
0.14271961423177104
0.027190394584583943
0.6602391654046824
0.948712392328356
0.10436275667614558
0.23886678615144508
0.9696780292671954
0.13403283401036536
0.8848098781629914
0.31698877453768226
0.33188270373433215
0.9457647762279746
0.44738028404424846
0.9553477112418347
0.840125598486472
0.6441914473734349
0.8065181661150049
0.5517264491127687
0.39341535046144904
0.974069960808247
0.054779121616260085
0.8663785655810512
0.5033562570304184
0.2027482311066855
0.7610660129755262
0.011886590264008401
0.8791566047872241
0.3442755612642818
0.05193313419517276
0.14579086761598803
0.7828143688373095
0.39023251031580175
0.5383571546141273
0.2697027545596684
0.3101002591286486
0.4087546331823526
0.9210438486462325
0.6833158943339337
0.6055018744196214
0.9883861285218574
0.18906740396505284
0.16890608070647972
0.7167296019039184
0.009586527104997522
0.37410701134098234
0.33790734553040624
0.2756340875268004
0.350517664900299
0.6701181776454697
0.08896695307642943
0.815350583726931
0.17711018545956692
0.9594392815786952
0.8178168579886
0.9399926459353478
0.08514013337212889
0.9933519489800862
0.36670264154897425
0.7518041598850995
0.721958058545092
0.39519049113558524
0.6946082618828504
0.04810951308605382
0.876579924440954
0.9824396482257569
0.23814799220765126
0.8089261094060429
0.3710331530873159
0.5066658334642222
0.45247610500845514
0.9113725550385849
0.0989812034173887
0.8767273502456809
0.9227352240704763
0.9528318641925744
0.8594146686777968
0.2667445445678809
0.20480152040241406
0.9252917305481294
0.32871074070177353
0.327226867544536
0.6769162019065964
0.0658359445326524
0.9664708725067812
0.49014384801989475
0.5582468532842506
0.5100992252245091
0.37205664220440093
0.769731413878096
0.13049646995658848
0.6999327350851119
0.15805384246143905
0.48464559357861736
0.4370649138088174
0.18768920190387983
0.8024783816655152
0.8776375194138086
0.12097408773091178
0.9977484947175941
0.8514615560075702
0.5219285055210909
0.6196888400149492
0.3892475928210042
0.8437556200778404
0.10825462642817807
0.6995672511993276
0.5374477064292307
0.9293950607174282
0.619760415457727
0.9864757118714336
0.8963959847373415
0.6577462784800523
0.7706567683815126
0.3952666558830682
0.2381091846856982
0.803166458545028
0.001000516656869177
0.5387255270985396
0.5338692669822052
0.18876924415494334
0.6562042380789574
0.23113413738246158
0.5891076373392754
0.9018969885195747
0.023446972565325908
0.945700415867081
0.25181945619753465
0.784099278427125
0.45103275577118196
0.5319283250145375
0.1072150320553209
0.8951975658817934
0.9640369455201221
0.9066969137598644
0.3161418802206566
0.28725706854689914
0.638165560656238
0.5396489356378926
0.9023031962678707
0.10266094962744798
0.21271035578498299
0.3346607059349338
0.43439174300147343
0.046961929004636804
0.9757720953748279
0.7931642824645164
0.949469656597185
0.3871517605163992
0.08695274885178694
0.8112914240593367
0.3793041375033521
0.8103901603594006
0.7054813033711476
0.2292486733638388
0.983352239052417
0.4584732895347352
0.408361423019195
0.006061328738584892
0.2652950486757897
0.5112796726248574
0.035563562100896284
0.5126712363119308
0.9714823302775266
0.6339345992396994
0.8495104925299373
0.13625709424661392
0.4764606367699957
0.7218967545031338
0.9613607186706055
0.8678153236333503
0.019119283576495283
0.29035408077639047
0.5121662848468382
0.34958737652091765
0.12788784265096598
0.7352664200472565
0.37541985354056284
0.34314102492056553
0.8426283451080028
0.31788180072653516
0.351489528631153
0.27222183960080915
0.9697731603089383
0.07667490017036571
0.08268129769037524
0.4158993274651068
0.10238962126631423
0.7717758071911855
0.7370561822516812
0.9231054286577787
0.9053425450033128
0.215260891504782
0.15516686039105276
0.5052453959171921
0.14503342090479943
0.8422701898534579
0.5145502616760809
0.7504611705526762
0.2854732324836833
0.9290733807092364
0.517898097793795
0.053902076818379996
0.18132813610236131
0.38098529082949173
0.9801950105719277
0.9160750442641081
0.7830651812748086
0.25997786245881715
0.7737176776445587
0.6050238751289363
0.5847228510552853
0.7166690491815566
0.5094657692456146
0.7419189852475621
0.9805648049885618
0.5585806109432685
0.824421006698824
0.631597517178448
0.18453769269578024
0.8726666355120234
0.10560571184448841
0.786809450488074
0.8877285947799483
0.4175721708604798
0.38457333102824953
0.2537328341891336
0.6355902553511688
0.44846934850690245
0.5232464473446801
0.49399191573982026
0.5388840969845354
0.4012462576982272
0.1242080854721308
0.3595885212885732
0.864053084957642
0.43075310414677404
0.7026606881449899
0.21865968829446158
0.07624692824754109
0.941532115202466
0.77715493948021
0.016642356162551275
0.521652731685023
0.33222220315184003
0.2716625430845052
0.4132241575537714
0.48204485659879936
0.12811984977858115
0.3085192541185451
0.7782302689980019
0.3996565265381409
0.4485356601191024
0.08586967056791761
0.8523058579743383
0.14581774669762715
0.07456850095045398
0.8084996904861643
0.3061346503409921
0.9542971201800758
0.25805544486082277
0.7362167882890007
0.26584526639146233
0.1747762955647323
0.4086964130695814
0.4794440561137048
0.21007754274456492
0.9945928686774499
0.618391076605818
0.16730431189176231
0.484494898753993
0.8330298082782224
0.942168276973566
0.42708555289920813
0.5408638818531282
0.6807922466748664
0.6238517442448452
0.8750380063406495
0.49172246565191235
0.6923418253989344
0.2185633160105731
0.03680510056960773
0.5692457776272375
0.6998452153045089
0.2473666806479593
0.6910496040118526
0.010525888316526677
0.007947884649106784
0.9412796424271601
0.15923462539749123
0.15263509710952206
0.2099321160614369
0.6254187462444896
0.153329217292953
0.04157430585333599
0.4439491463176082
0.5354442531549484
0.9952501088786445
0.23189357506489205
0.117630822367075
0.6748651906446568
0.5748323591702036
0.23878191709486485
0.9166574797759417
0.014814356459134093
0.04528914530358685
0.2893271754793627
0.6319713444712982
0.04946409512262506
0.09684893007616191
0.23441090079889726
0.6435790658156741
0.7860922003143977
0.7429175171185902
0.704450579018876
0.5459948190243451
0.9767108883700706
0.5581860538415502
0.6614854176220859
0.5913205970182873
0.38200311362238426
0.32595844838992494
0.5215414423643367
0.19793580675149292
0.9158336358889265
0.07696912224431207
0.41804988066178983
0.10367481514410448
0.4774397666159955
0.7897519667714032
0.8459399233607716
0.454466390869656
0.4335000226890451
0.8863630258830564
0.761166013215109
0.9992517083838732
0.36461536598337796
0.07494553258296754
0.4650432138987164
0.7270005784197666
0.09687445585770682
0.1615843230641787
0.8870365407885845
0.20849227862821573
0.16997802154340413
0.21703364389322521
0.05182720035494626
0.9686958553345912
0.007476327623330947
0.13607857598245787
0.5051059287242377
0.8607912658555248
0.7531603117776926
0.30402604550071355
0.01494128200428757
0.02000907580236455
0.9806728352582259
0.9814043069184231
0.6647651987696186
0.7226740010416688
0.9928108365419694
0.274910450580788
0.7992597170309992
0.3088223663844343
0.9259868183281297
0.7045399287636644
0.990332989942585
0.14637964062384068
0.7374176253658653
0.8587918590778854
0.5381016651510475
0.8622093864853995
0.7055547097258421
0.8007031254750221
0.3083057657509505
