0.11060690129970174
0.28736080234599326
0.3466014924816494
0.5441327814021115
0.5278036989782631
0.9077218641507325
0.8263652012443401
0.7106490796465608
0.7227809277422548
0.3666075846354768
0.5778751928556256
0.9295785593838359
0.053472334357362206
0.6881771462004744
0.9935841875993257
0.20303422098689228
0.7349073223358591
0.9127579212402641
0.6801608780357151
0.21420388733479112
0.19496913679204053
0.5377175279876896
0.9075432196736479
0.9300214722293871
0.7416766563540436
0.28395618287701696
0.00439500264407422
0.6390044586818444
0.03142400586325844
0.5829285674921549
0.5800184054786648
0.48255008217300666
0.6881373375031481
0.3238439081590663
0.18295500245762764
0.8678632537434792
0.7008397893808795
0.41194546418229017
0.8090697624723027
0.9789302781883833
0.21699643229851806
0.04795727194996657
0.19025815068589536
0.1559450752651359
0.9280471777541552
0.11475227358546225
0.7982281728997005
0.08578667268509532
0.6155914385921737
0.01923484194716729
0.3634599169891759
0.7864647585425595
0.7392642689489071
0.10672514852150194
0.841343932523567
0.5578512265332631
0.7699572577671578
0.6532599837093167
0.4182236237527788
0.7157445527115072
0.8018255314957725
0.4529007717756868
0.7650919805005885
0.549846998899447
0.8497993455157498
0.4482095427579236
0.7602687373601085
0.22747856850302872
0.6200119732631555
0.0334615316636393
0.6518665779313215
0.12290128368197828
0.24173528163520608
0.32427220865743167
0.36287012045230616
0.6280659060837779
0.3352814512192901
0.36126204272703255
0.23197236042350244
0.5444750694944489
0.08762486578587536
0.9285840321022287
0.46383852390745073
0.8043859409622256
0.09691877831543683
0.6672021746312531
0.7872585633521565
0.14581504746473017
0.9036703163499313
0.9156713673942529
0.8363524503742448
0.7779726960496312
0.7196167302513723
0.6942286261641086
0.5841499101568892
0.11858489849266296
0.11167700182674545
0.024305345937422285
0.7622116625106923
0.6813709044192664
