0.600055407293669
0.8508729225786826
0.8585787543634407
0.9223910487358971
0.9838049170516052
0.8410603705356294
0.19432987140786184
0.8776934176000193
0.6987880933678545
0.33227193698381363
0.5878007940890468
0.914404292306906
0.6050084710833619
0.6931808895965776
0.6873164793477473
0.4463738709495517
0.6757114461169489
0.2379639010573451
0.6367599009875367
0.7094705302553319
0.9313315120359151
0.39171078787219993
0.18323762936866062
0.3217843886519798
0.3657959854102686
0.43127410190076354
0.34285585769666005
0.7145815562913769
0.6840494043246674
0.4995863913061782
0.8162726164126624
0.0984381093306872
0.781318426947305
0.9517514866653691
0.4945949638428937
0.041768613986542746
0.1838009781807921
0.4579145091215493
0.5326604630830949
0.8424731692241618
0.29277814413137593
0.4118757192903868
0.4869393553439254
0.26865390740234574
0.7396023893816674
0.9399111313076485
0.845187018433726
0.445111554674283
0.7356653315805308
0.11331162632245473
0.35525762832381824
0.650464520540712
0.17997596524292803
0.8066848842801353
0.8527381694247902
0.3742068163190042
0.7809390138915311
0.21527632290155485
0.7940371314502659
0.6269318294448107
0.23312214789132102
0.775627537333472
0.2565294904143902
0.05284295136578332
0.5691741544755231
0.7429007450637666
0.04038431020566913
0.5526767042547096
0.22350975783266547
0.2428122211194661
0.6106978185883694
0.07292708048277308
0.3908831975082092
0.4535391342954962
0.23841430852825996
0.6587989189223655
0.28511510664740203
0.15570125334170215
0.21349827643758412
0.12226987546960943
0.7283707352404709
0.012987214331408481
0.21286887645589925
0.8283234690910108
0.37887102484514523
0.9801301127756987
0.8895086616446715
0.22895337816524886
0.33732361320446946
0.7141910614798845
0.8477247029293458
0.5353728415780368
0.03447560632958724
0.4170398614915758
0.6950912270134908
0.6005809617011071
0.2616681357365702
0.7024046669605837
0.7155288783851161
0.20857896730240388
