0.30279414364782453
0.1778470541542656
0.15695873283182604
0.47261720771418503
0.5528590517842646
0.18272696235010533
0.7057087532705248
0.2318371092979259
0.32996700496011866
0.7684924209511772
0.9069105949754306
0.7973549219600788
0.5199409281757592
0.9460055507532084
0.9025511221154736
0.09970093362601684
0.7391261177776227
0.040525279442261475
0.4824313879512938
0.09471051855059098
0.9095521622333926
0.6212797686072471
0.5550081700810234
0.8281293833159824
0.37035250889683824
0.876370002789657
0.6833311396043309
0.26609826584195817
0.5195787474270297
0.5571940316444637
0.20638480756860944
0.38437996436370536
0.648509614503449
0.7727763660783344
0.2539057895480459
0.41420816589855103
0.4347024288705259
0.013890984845587262
0.726665716036232
0.17359478304654186
0.27058325111792714
0.590478300171341
0.9926378933897202
0.9389758824047205
0.13131537282760197
0.2870014424076903
0.6994612048926621
0.20702252468639437
0.09687145018754162
0.5115483621034391
0.03830952381882802
0.4001319321491523
0.9128058580904381
0.936475560298659
0.7251294551887177
0.7188471472340954
0.4869998083600864
0.2969180981907049
0.3710877216969197
0.9676804418061764
0.02095826534000489
0.7041640610550772
0.5149931814955724
0.5316527586736557
0.7850422576092391
0.03574696638034758
0.13598619544367962
0.7034809142315734
0.7189750889486239
0.5117257307754268
0.2666565772618845
0.4273296194859668
0.987809638390676
0.4443598837928544
0.647359628509752
0.975399396286561
0.6543349006838763
0.46457793231639344
0.2383361963713413
0.9547710118476334
0.12467942690068057
0.33940729377026746
0.12185935221271582
0.3925516818110948
0.3646997390617557
0.03866758233323919
0.15448849797812558
0.27775602482418127
0.21392146792678624
0.9583446404697153
0.2015762254877962
0.5898439072990209
0.2193552985509375
0.39327261389278734
0.5827743754393095
0.2140873406663486
0.40772113745133587
0.4523115369458639
0.16638555433549396
0.1778327770676955
