0.45212875880739944
0.9163183837461837
0.2717158629712182
0.194060637938253
0.6561913284799858
0.9687256075849244
0.648713107250662
0.7283881807741475
0.9388406184489211
0.9026176543878284
0.4681518527776223
0.24916561646414492
0.13048153066214696
0.19349398424435926
0.2936470935884632
0.6653498192040816
0.7692207272993967
0.16774180732122113
0.4092134865218695
0.7655751117555205
0.3520420720482509
0.45768450795973936
0.2920629260790366
0.7652145605742009
0.6140368078203815
0.674693458910095
0.9657256336374946
0.34805929782164613
0.1686555766772635
0.5572507365444315
0.6005639118159565
0.3243242819436647
0.79576504279842
0.2650434800453305
0.39774667366211447
0.63859325900842
0.195068355314989
0.9574482923166798
0.47795471487907615
0.4905894933461632
0.1451504392988392
0.3572744148726481
0.7128780820090761
0.996595152729818
0.4053844430465252
0.6652789351800155
0.44080969566220785
0.43723186360397737
0.3587615810707312
0.21458327902534724
0.3230449257135204
0.7285756910535068
0.6866292096499895
0.03030765919394862
0.2742726719920898
0.33693672330600477
0.7159376922945637
0.21010015383878322
0.41868566424833253
0.0949806304259766
0.4733152437644672
0.5008158540855587
0.08638585961040124
0.8629659315018656
0.4655606438621607
0.1758759649306849
0.3635649714751379
0.2410004500536722
0.49248422621882737
0.30519652995323154
0.7337266858225264
0.004839772725121261
0.41201839762466475
0.17121496963169802
0.3010488821875894
0.28664007021184323
0.46952336852354337
0.26743274421813346
0.6271919742201753
0.25295491713048635
0.5071173168762506
0.1483151786456809
0.5440815908026997
0.6254748174112374
0.9805811421551338
0.18574732010401984
0.8381998548835625
0.8992363359670918
0.4499364213826227
0.33708939110583214
0.31567447898201295
0.2935438518157174
0.18593683299737007
0.7122827558271538
0.9550163064743191
0.3790881797469159
0.0064759947567627485
0.1541002131137481
0.5714321977321195
0.8824912704600787
