           1   158.20719196053062     
           2   313.52533818966521     
           3   465.49361253429225     
           4   613.62529302105338     
           5   757.41679786360760     
           6   896.35862772664575     
           7   1029.9478942872681     
           8   1157.7019729932247     
           9   1279.1726948724397     
          10   1407.0101482382665     
          11   1534.8476016040911     
          12   1662.6850549699113     
          13   1790.5225083357236     
          14   1918.3599617015211     
          15   2046.1974150672920     
          16   2174.0348684330143     
          17   2301.8723217986494     
          18   2429.7097751641290     
          19   2557.5472285293336     
          20   2685.3846818940538     
          21   2813.2221352579272     
          22   2941.0595886203314     
          23   3068.8970419802022     
          24   3196.7344953357365     
          25   3324.5719486838975     
          26   3452.4094020196094     
          27   3580.2468553344447     
          28   3708.0843086145132     
          29   3835.9217618370794     
          30   3963.7592149651937     
          31   4091.5966679392286     
          32   4219.4341206636409     
          33   4347.2715729864194     
          34   4475.1090246674239     
          35   4602.9464753299744     
          36   4730.7839243874059     
          37   4858.6213709324911     
          38   4986.4588135722415     
          39   5114.2962501830152     
          40   5242.1336775503069     
          41   5369.9710908430616     
          42   5497.8084828525043     
          43   5625.6458428986998     
          44   5753.4831552722635     
          45   5881.3203970313180     
          46   6009.1575349119530     
          47   6136.9945210304986     
          48   6264.8312869538495     
          49   6392.6677355853271     
          50   6520.5037301532566     
          51   6648.3390793926019     
          52   6776.1735177717110     
          53   6904.0066793323394     
          54   7031.8380633784582     
          55   7159.6669898668615     
          56   7287.4925419217543     
          57   7415.3134924217993     
          58   7543.1282111017263     
          59   7670.9345480878010     
          60   7798.7296892706199     
          61   7926.5099784410886     
          62   8054.2707007160707     
          63   8182.0058215076988     
          64   8309.7076752016383     
          65   8437.3665978684894     
          66   8564.9704988074063     
          67   8692.5043665814683     
          68   8819.9497065166488     
          69   8947.2839084577390     
          70   9074.4795459470515     
          71   9201.5036109344892     
          72   9328.3166916296686     
          73   9454.8721051204466     
          74   9581.1150008165441     
          75   9706.9814554939894     
          76   9832.3975855292410     
          77   9957.2787065874363     
          78   10081.528575292645     
          79   10205.038750953228     
          80   10327.688117919861     
          81   10449.342610296128     
          82   10569.855180204386     
          83   10689.066048382077     
          84   10806.803271367373     
          85   10922.883652844170     
          86   11037.114017886279     
          87   11149.292858029452     
          88   11259.212342604465     
          89   11366.660678015565     
          90   11471.424782199458     
          91   11573.293227004200     
          92   11672.059387406720     
          93   11767.524724093193     
          94   11859.502115692170     
          95   11970.040454922530     
          96   12080.578794145125     
          97   12191.117133355956     
          98   12301.655472549037     
          99   12412.193811715451     
         100   12522.732150841985     
         101   12633.270489909137     
         102   12743.808828888265     
         103   12854.347167737478     
         104   12964.885506395805     
         105   13075.423844774890     
         106   13185.962182747289     
         107   13296.500520130005     
         108   13407.038856661469     
         109   13517.577191969513     
         110   13628.115525527011     
         111   13738.653856590783     
         112   13849.192184117808     
         113   13959.730506650953     
         114   14070.268822163869     
         115   14180.807127851540     
         116   14291.345419848858     
         117   14401.883692854428     
         118   14512.421939630240     
         119   14622.960150339664     
         120   14733.498311676023     
         121   14844.036405721448     
         122   14954.574408460292     
         123   15065.112287852686     
         124   15175.650001351234     
         125   15286.187492716854     
         126   15396.724687957754     
         127   15507.261490177951     
         128   15617.797773077915     
         129   15728.333372799510     
         130   15838.868077749859     
         131   15949.401615973926     
         132   16059.933639573443     
         133   16170.463705590560     
         134   16280.991252688922     
         135   16391.515572873825     
         136   16502.035777398389     
         137   16612.550755906381     
         138   16723.059127767578     
         139   16833.559184471938     
         140   16944.048821868917     
         141   17054.525460973389     
         142   17164.985956016077     
         143   17275.426488400797     
         144   17385.842445251106     
         145   17496.228281292886     
         146   17606.577362935281     
         147   17716.881793588429     
         148   17827.132219500247     
         149   17937.317615712807     
         150   18047.425052137063     
         151   18157.439440226157     
         152   18267.343261293034     
         153   18377.116278165591     
         154   18486.735232596177     
         155   18596.173531631950     
         156   18705.400926994571     
         157   18814.383192392514     
         158   18923.081804574118     
         159   19031.453634796042     
         160   19139.450658198479     
         161   19247.019689310251     
         162   19354.102152516360     
         163   19460.633896769377     
         164   19566.545064076294     
         165   19671.760021308331     
         166   19776.197364630665     
         167   19879.770005306076     
         168   19982.385344772578     
         169   20083.945545720770     
         170   20184.347904403952     
         171   20283.485327616192     
         172   20381.246915697229     
         173   20477.518650607446     
         174   20572.184185613303     
         175   20665.125730497126     
         176   20756.225023528801     
         177   20845.364378792427     
         178   20932.427794935080     
         179   21017.302109086679     
         180   21099.878177676554     
         181   21180.052064226504     
         182   21257.726213004873     
         183   21332.810586743115     
         184   21405.223746490894     
         185   21498.045085416390     
         186   21589.460503868700     
         187   21679.385129253391     
         188   21767.734104768733     
         189   21854.423157772122     
         190   21939.369193643000     
         191   22022.490908583415     
         192   22103.709414142981     
         193   22182.948865711769     
         194   22260.137086810784     
         195   22335.206180740239     
         196   22408.093121033435     
         197   22478.740312216945     
         198   22547.096112600655     
         199   22613.115311214333     
         200   22676.759551566192     
         201   22737.997695614929     
         202   22796.806122206792     
         203   22853.168955216108     
         204   22907.078217720966     
         205   22958.533909721362     
         206   23007.544008139212     
         207   23054.124389100187     
         208   23098.298673758040     
         209   23140.098000154074     
         210   23179.560724780076     
         211   23216.732058606281     
         212   23251.663643322798     
         213   23284.413074403059     
         214   23374.248595143941     
         215   23464.006256017154     
         216   23553.675578729413     
         217   23643.244932758662     
         218   23732.701447454412     
         219   23822.030922883438     
         220   23911.217740234348     
         221   24000.244772704064     
         222   24089.093297897358     
         223   24177.742912875085     
         224   24266.171453085342     
         225   24354.354916501663     
         226   24442.267394371054     
         227   24529.881010039197     
         228   24617.165867367963     
         229   24704.090010288575     
         230   24790.619395039896     
         231   24876.717876623003     
         232   24962.347210958374     
         233   25047.467074158980     
         234   25132.035100230052     
         235   25216.006938373714     
         236   25299.336330913575     
         237   25381.975212661684     
         238   25463.873832328663     
         239   25544.980896329704     
         240   25625.243735066571     
         241   25704.608491472551     
         242   25783.020331296975     
         243   25860.423674283516     
         244   25936.762445066845     
         245   26011.980342281215     
         246   26086.021124048148     
         247   26158.828907694919     
         248   26230.348481257330     
         249   26300.525624045840     
         250   26369.307433309630     
         251   26436.642653824347     
         252   26502.482007061852     
         253   26566.778516478622     
         254   26629.487825387776     
         255   26690.568503860963     
         256   26749.982341142739     
         257   26807.694620152415     
         258   26863.674370796663     
         259   26917.894599019026     
         260   26970.332488767493     
         261   27020.969574364728     
         262   27069.791881112829     
         263   27116.790032349898     
         264   27161.959321592723     
         265   27205.299748841306     
         266   27246.816020578852     
         267   27286.517513467265     
         268   27324.418202204448     
         269   27360.536552467736     
         270   27394.895380309139     
         271   27427.521679785110     
         272   27458.446420988985     
         273   27487.704321001449     
         274   27515.333590577946     
         275   27541.375659646823     
         276   27565.874884894969     
         277   27588.878242865903     
         278   27610.435012087761     
         279   27630.596447784897     
         280   27649.415452708137     
         281   27666.946247547014     
         282   27683.244044265728     
         283   27698.364725537009     
         284   27712.364533239328     
         285   27725.299768738434     
         286   27737.226507399660     
         287   27748.200329479329     
         288   27758.276069228112     
         289   27767.507583712722     
         290   27775.947542531390     
         291   27783.647239268932     
         292   27790.656425214722     
         293   27797.023165556711     
         294   27802.793717971286     
         295   27808.012433256328     
         296   27812.721677406604     
         297   27816.961774309148     
         298   27820.770968043478     
         299   27824.185403608517     
         300   27827.239124765401     
         301   27829.964087582906     
         302   27832.390188199162     
         303   27834.545303268489     
         304   27836.455341543882     
         305   27838.144305051803     
         306   27839.634358344156     
         307   27840.945904360087     
         308   27842.097665494828     
         309   27843.106768551450     
         310   27843.988832341347     
         311   27844.758056797746     
         312   27845.427312571133     
         313   27846.008230183572     
         314   27846.511287928337     
         315   27846.945897810154     
         316   27847.320488927649     
         317   27847.642587802115     
         318   27847.918895253930     
         319   27848.155359519053     
         320   27848.357245382027     
