           1  -334.76380549331299     
           2  -172.54501400559741     
           3  -13.824925666820068     
           4   140.88811300666791     
           5   291.06814657362168     
           6   436.18303908356557     
           7   575.70755927246091     
           8   709.13763990734606     
           9   837.63763989999984     
          10   966.13763989265362     
          11   1094.6376398853074     
          12   1223.1376398779612     
          13   1351.6376398706150     
          14   1480.1376398632688     
          15   1608.6376398559225     
          16   1737.1376398485763     
          17   1865.6376398412301     
          18   1994.1376398338839     
          19   2122.6376398265379     
          20   2251.1376398191915     
          21   2379.6376398118455     
          22   2508.1376398044995     
          23   2636.6376397971530     
          24   2765.1376397898066     
          25   2893.6376397824602     
          26   3022.1376397751142     
          27   3150.6376397677682     
          28   3279.1376397604222     
          29   3407.6376397530762     
          30   3536.1376397457302     
          31   3664.6376397383838     
          32   3793.1376397310378     
          33   3921.6376397236918     
          34   4050.1376397163458     
          35   4178.6376397089998     
          36   4307.1376397016538     
          37   4435.6376396943078     
          38   4564.1376396869618     
          39   4692.6376396796149     
          40   4821.1376396722671     
          41   4949.6376396649166     
          42   5078.1376396575597     
          43   5206.6376396501864     
          44   5335.1376396427731     
          45   5463.6376396352625     
          46   5592.1376396275182     
          47   5720.6376396192218     
          48   5849.1376396096439     
          49   5977.6376395971365     
          50   6106.1376395780335     
          51   6234.6376395443122     
          52   6363.1376394786948     
          53   6491.6376393445580     
          54   6620.1376390655068     
          55   6748.6376384847181     
          56   6877.1376372853811     
          57   7005.6376348376843     
          58   7134.1376299095473     
          59   7262.6376201291869     
          60   7391.1376010039021     
          61   7519.6375641598388     
          62   7648.1374942396415     
          63   7776.6373635313266     
          64   7905.1371228349344     
          65   8033.6366862109953     
          66   8162.1359059750175     
          67   8290.6345324528829     
          68   8419.1321504141888     
          69   8547.6280805605493     
          70   8676.1212297798520     
          71   8804.6098679522493     
          72   8933.0913018864594     
          73   9061.5614086417954     
          74   9190.0139815009898     
          75   9318.4398330298336     
          76   9446.8255922839144     
          77   9575.1521290981673     
          78   9703.3925397952680     
          79   9831.5096381871281     
          80   9959.4529161006376     
          81   9587.1549711662265     
          82   9714.5274476990326     
          83   9841.4565990842621     
          84   9967.7986549115394     
          85   10093.375258323960     
          86   10217.969320974797     
          87   10341.321714359585     
          88   10463.129265052754     
          89   10583.044535002495     
          90   10700.677835359093     
          91   10815.601835617053     
          92   10927.358986929095     
          93   11035.471784202784     
          94   11133.971784197152     
          95   11232.471784191521     
          96   11330.971784185889     
          97   11429.471784180258     
          98   11527.971784174626     
          99   11626.471784168994     
         100   11724.971784163363     
         101   11823.471784157731     
         102   11921.971784152100     
         103   12020.471784146468     
         104   12118.971784140836     
         105   12217.471784135205     
         106   12315.971784129573     
         107   12414.471784123942     
         108   12512.971784118310     
         109   12611.471784112679     
         110   12709.971784107047     
         111   12808.471784101415     
         112   12906.971784095784     
         113   13005.471784090152     
         114   13103.971784084521     
         115   13202.471784078889     
         116   13300.971784073257     
         117   13399.471784067626     
         118   13497.971784061994     
         119   13596.471784056363     
         120   13694.971784050731     
         121   13793.471784045099     
         122   13891.971784039466     
         123   13990.471784033831     
         124   14088.971784028188     
         125   14187.471784022531     
         126   14285.971784016843     
         127   14384.471784011086     
         128   14482.971784005178     
         129   14581.471783998946     
         130   14679.971783992027     
         131   14778.471783983665     
         132   14876.971783972318     
         133   14975.471783954868     
         134   15073.971783925093     
         135   15172.471783870729     
         136   15270.971783767909     
         137   15369.471783570774     
         138   15467.971783192315     
         139   15566.471782469529     
         140   15664.971781100890     
         141   15763.471778535675     
         142   15861.971773780730     
         143   15960.471765067699     
         144   16058.971749287864     
         145   16157.471721045527     
         146   16255.971671094623     
         147   16354.471583792820     
         148   16452.971433014245     
         149   16551.471175680996     
         150   16649.970741673173     
         151   16748.470018318007     
         152   16846.968826894961     
         153   16945.466887574446     
         154   17043.963767881189     
         155   17142.458808093277     
         156   17240.951014923972     
         157   17339.438912384594     
         158   17437.920335938717     
         159   17536.392153042754     
         160   17634.849890125435     
         161   17233.287243294522     
         162   17331.695447998020     
         163   17430.062482054080     
         164   17528.372077547367     
         165   17626.602520784196     
         166   17724.725226518865     
         167   17822.703083630837     
         168   17920.488584758565     
         169   18018.021772148804     
         170   18115.228055750504     
         171   18212.015986367602     
         172   18308.275094819925     
         173   18403.873935215790     
         174   18498.658493710136     
         175   18592.451140225887     
         176   18685.050306195277     
         177   18776.231063388044     
         178   18865.746755049331     
         179   18953.331789790896     
         180   19038.705651467862     
         181   19121.578106965593     
         182   19201.655512636346     
         183   19278.648034981477     
         184   19356.117002115825     
         185   19433.252561034020     
         186   19509.966672846276     
         187   19586.154581182065     
         188   19661.693544043042     
         189   19736.441998372855     
         190   19810.239303231709     
         191   19882.906201095993     
         192   19954.246117800674     
         193   20024.047389142939     
         194   20092.086456570774     
         195   20158.132017551201     
         196   20221.950051512158     
         197   20283.309574396349     
         198   20341.988909577518     
         199   20397.782206372944     
         200   20450.505895666207     
         201   20500.004750369331     
         202   20546.157220182733     
         203   20588.879736840834     
         204   20628.129736840834     
         205   20663.907220182733     
         206   20696.254750369331     
         207   20725.255895666207     
         208   20751.032206372944     
         209   20773.738909577518     
         210   20793.559574396349     
         211   20810.700051512158     
         212   20849.200051364234     
         213   20887.700051081723     
         214   20926.200050546773     
         215   20964.700049544124     
         216   21003.200047685594     
         217   21041.700044279994     
         218   21080.200038112242     
         219   21118.700027073359     
         220   21157.200007549400     
         221   21195.699973426359     
         222   21234.199914492601     
         223   21272.699813910571     
         224   21311.199644272994     
         225   21349.699361540264     
         226   21388.198895857146     
         227   21426.698137848620     
         228   21465.196918476129     
         229   21503.694979878823     
         230   21542.191933817725     
         231   21580.687203383553     
         232   21619.179942539227     
         233   21657.668926889535     
         234   21696.152407881244     
         235   21734.627921556472     
         236   21773.092042176620     
         237   21811.540070716299     
         238   21849.965648650224     
         239   21888.360288900152     
         240   21926.712818552791     
         241   21465.008732246304     
         242   21503.229461113486     
         243   21541.351569890379     
         244   21579.345904090027     
         245   21617.176719610416     
         246   21654.800838142542     
         247   21692.166882358186     
         248   21729.214653952422     
         249   21765.874723910354     
         250   21802.068306548135     
         251   21837.707485755462     
         252   21872.695852546931     
         253   21906.929597090588     
         254   21940.299076020165     
         255   21972.690847965980     
         256   22003.990138507339     
         257   22034.083662469649     
         258   22062.862699469330     
         259   22090.226290891289     
         260   22116.084406022379     
         261   22140.360914379962     
         262   22162.996202122842     
         263   22183.949283541147     
         264   22203.199283541147     
         265   22220.746202122842     
         266   22236.610914379962     
         267   22250.834406022379     
         268   22263.476290891289     
         269   22274.612699469330     
         270   22284.333662469649     
         271   22292.740138507339     
         272   22299.940847965980     
         273   22306.049076020165     
         274   22311.179597090588     
         275   22315.445852546931     
         276   22318.957485755462     
         277   22321.818306548135     
         278   22324.124723910354     
         279   22325.964653952422     
         280   22327.416882358186     
         281   22328.550838142542     
         282   22329.426719610416     
         283   22330.095904090027     
         284   22330.601569890379     
         285   22330.979461113486     
         286   22331.258732246304     
         287   22331.462818552791     
         288   22331.610288900152     
         289   22331.715648650224     
         290   22331.790070716299     
         291   22331.842042176620     
         292   22331.877921556472     
         293   22331.902407881244     
         294   22331.918926889535     
         295   22331.929942539227     
         296   22331.937203383553     
         297   22331.941933817725     
         298   22331.944979878823     
         299   22331.946918476129     
         300   22331.948137848620     
         301   22331.948895857146     
         302   22331.949361540264     
         303   22331.949644272994     
         304   22331.949813910571     
         305   22331.949914492601     
         306   22331.949973426359     
         307   22331.950007549400     
         308   22331.950027073359     
         309   22331.950038112242     
         310   22331.950044279994     
         311   22331.950047685594     
         312   22331.950049544124     
         313   22331.950050546773     
         314   22331.950051081723     
         315   22331.950051364234     
         316   22331.950051512158     
         317   22331.950051589210     
         318   22331.950051629399     
         319   22331.950051650649     
         320   22331.950051662287     
