           1   144.91015515774839     
           2   287.17408380704023     
           3   426.36969142410197     
           4   562.05116416315309     
           5   693.75724540311978     
           6   821.02125833356456     
           7   943.38258151246998     
           8   1060.3991541341111     
           9   1171.6604750418999     
          10   1276.8004763252584     
          11   1375.5096088973010     
          12   1467.5454808988670     
          13   1559.7313923217946     
          14   1651.9173037447115     
          15   1744.1032151676093     
          16   1836.2891265904721     
          17   1928.4750380132721     
          18   2020.6609494359600     
          19   2112.8468608584494     
          20   2205.0327722805896     
          21   2297.2186837021191     
          22   2389.4045951225889     
          23   2481.5905065412321     
          24   2573.7764179567480     
          25   2665.9623293669470     
          26   2758.1482407681688     
          27   2850.3341521543362     
          28   2942.5200635154324     
          29   3034.7059748350630     
          30   3126.8918860865820     
          31   3219.0777972269916     
          32   3311.2637081873941     
          33   3403.4496188581711     
          34   3495.6355290661531     
          35   3587.8214385397091     
          36   3680.0073468557848     
          37   3772.1932533601621     
          38   3864.3791570483318     
          39   3956.5650563888962     
          40   4048.7509490638181     
          41   4140.9368315893353     
          42   4233.1226987670698     
          43   4325.3085428955255     
          44   4417.4943526463803     
          45   4509.6801114758291     
          46   4601.8657953966604     
          47   4694.0513698790901     
          48   4786.2367855747625     
          49   4878.4219724654977     
          50   4970.6068319227543     
          51   5062.7912260218382     
          52   5154.9749632830490     
          53   5247.1577798072431     
          54   5339.3393145334130     
          55   5431.5190770700419     
          56   5523.6964062413263     
          57   5615.8704171477639     
          58   5708.0399341754337     
          59   5800.2034070113059     
          60   5892.3588063499355     
          61   5984.5034956324826     
          62   6076.6340748710118     
          63   6168.7461924145164     
          64   6260.8343204491557     
          65   6352.8914901397711     
          66   6444.9089826622003     
          67   6536.8759729964049     
          68   6628.7791242967533     
          69   6720.6021319693209     
          70   6812.3252182969181     
          71   6903.9245805746068     
          72   6995.3717982439221     
          73   7086.6332074083266     
          74   7177.6692543101071     
          75   7268.4338427504763     
          76   7358.8736939054579     
          77   7448.9277403618107     
          78   7538.5265792716591     
          79   7627.5920120810533     
          80   7716.0367000936503     
          81   7803.7639659545248     
          82   7890.6677707661047     
          83   7976.6328947977290     
          84   8061.5353464935206     
          85   8145.2430196598370     
          86   8227.6166123459116     
          87   8308.5108131351990     
          88   8387.7757515542235     
          89   8465.2586993911500     
          90   8540.8059992967774     
          91   8614.2651865874468     
          92   8685.4872602030355     
          93   8754.3290498353435     
          94   8820.6556188619670     
          95   8884.3426373807943     
          96   8945.2786567419698     
          97   9003.3672168070098     
          98   9058.5287198812439     
          99   9110.7020108646138     
         100   9159.8456114850287     
         101   9216.2651514453210     
         102   9272.6846913606842     
         103   9329.1042312097379     
         104   9385.5237709613630     
         105   9441.9433105704611     
         106   9498.3628499719835     
         107   9554.7823890725267     
         108   9611.2019277385862     
         109   9667.6214657802029     
         110   9724.0410029283285     
         111   9780.4605388036398     
         112   9836.8800728737697     
         113   9893.2996043949879     
         114   9949.7191323330335     
         115   10006.138655256205     
         116   10062.558171191726     
         117   10118.977677433724     
         118   10175.397170287872     
         119   10231.816644733482     
         120   10288.236093978738     
         121   10344.655508878230     
         122   10401.074877174206     
         123   10457.494182513292     
         124   10513.913403179002     
         125   10570.332510466513     
         126   10626.751466609900     
         127   10683.170222152776     
         128   10739.588712630979     
         129   10796.006854410174     
         130   10852.424539491878     
         131   10908.841629068342     
         132   10965.257945569861     
         133   11021.673262907660     
         134   11078.087294571738     
         135   11134.499679196661     
         136   11190.909963159813     
         137   11247.317579727622     
         138   11303.721824216784     
         139   11360.121824591848     
         140   11416.516506879681     
         141   11472.904554748275     
         142   11529.284362575028     
         143   11585.653981321790     
         144   11642.011056544219     
         145   11698.352757895693     
         146   11754.675699545127     
         147   11810.975851017927     
         148   11867.248438093731     
         149   11923.487833557041     
         150   11979.687437800141     
         151   12035.839549523378     
         152   12091.935227066573     
         153   12147.964141235807     
         154   12203.914420859102     
         155   12259.772492707678     
         156   12315.522917849097     
         157   12371.148226945219     
         158   12426.628757459457     
         159   12481.942496180114     
         160   12537.064930883469     
         161   12591.968915333729     
         162   12646.624552128067     
         163   12700.999098124015     
         164   12755.056897314245     
         165   12808.759346021812     
         166   12862.064895161115     
         167   12914.929094032688     
         168   12967.304679684034     
         169   13019.141715269405     
         170   13070.387780079480     
         171   13120.988212994303     
         172   13170.886410053054     
         173   13220.024175652317     
         174   13268.342125607045     
         175   13315.780138967808     
         176   13362.277854121936     
         177   13407.775203356354     
         178   13452.212978770691     
         179   13495.533421246035     
         180   13537.680823141951     
         181   13578.602134554354     
         182   13618.247562356744     
         183   13656.571150898677     
         184   13693.531333171353     
         185   13729.091441485174     
         186   13763.220167241994     
         187   13795.891960219044     
         188   13827.087358894578     
         189   13856.793244709454     
         190   13885.003014736569     
         191   13911.716668975923     
         192   13936.940810354619     
         193   13960.688557431802     
         194   13982.979371729212     
         195   14003.838803469622     
         196   14023.298161251176     
         197   14041.394112763473     
         198   14063.908936785328     
         199   14085.654138077787     
         200   14106.617082897144     
         201   14126.787515090795     
         202   14146.157654395513     
         203   14164.722271581684     
         204   14182.478739235219     
         205   14199.427057356117     
         206   14215.569853358469     
         207   14230.912356471888     
         208   14245.462346959601     
         209   14259.230080974212     
         210   14272.228192259427     
         211   14284.471572266049     
         212   14295.977230575689     
         213   14306.764137808856     
         214   14316.853053429975     
         215   14326.266341045921     
         216   14335.027773924128     
         217   14343.162333529752     
         218   14350.696003898791     
         219   14357.655564627019     
         220   14364.068385165874     
         221   14369.962222980084     
         222   14359.818624839087     
         223   14349.697735744619     
         224   14339.602086164208     
         225   14329.534416344923     
         226   14319.497684219697     
         227   14309.495072391488     
         228   14299.529994022307     
         229   14289.606097450933     
         230   14279.727269362389     
         231   14269.897636334388     
         232   14260.121564591052     
         233   14250.403657802557     
         234   14240.748752781048     
         235   14231.161912938325     
         236   14221.648419389401     
         237   14212.213759608043     
         238   14202.863613565698     
         239   14193.603837313556     
         240   14184.440443998572     
         241   14175.379582337795     
         242   14166.427512610753     
         243   14157.590580266438     
         244   14148.875187279113     
         245   14140.287761424901     
         246   14131.834723688426     
         247   14123.522454044751     
         248   14115.357255895942     
         249   14107.345319472895     
         250   14099.492684540974     
         251   14091.805202771853     
         252   14084.288500163098     
         253   14076.947939900858     
         254   14069.788586069262     
         255   14062.815168612264     
         256   14056.032049949463     
         257   14049.443193636973     
         258   14043.052135447395     
         259   14036.861957219851     
         260   14030.875263801889     
         261   14025.094163370428     
         262   14019.520251379296     
         263   14014.154598336867     
         264   14008.997741569723     
         265   14004.049681077866     
         266   13999.309879534712     
         267   13994.777266431887     
         268   13990.450246315564     
         269   13986.326711008822     
         270   13982.404055664114     
         271   13978.679198442318     
         272   13975.148603570833     
         273   13971.808307493546     
         274   13968.653947790855     
         275   13965.680794518810     
         276   13962.883783593279     
         277   13960.257551828114     
         278   13957.796473225750     
         279   13955.494696114511     
         280   13953.346180729033     
         281   13951.344736838422     
         282   13949.484061040612     
         283   13947.757773360538     
         284   13946.159452813577     
         285   13944.682671623606     
         286   13943.321027816362     
         287   13942.068175942853     
         288   13940.917855723552     
         289   13939.863918441408     
         290   13938.900350949467     
         291   13938.021297196539     
         292   13937.221077211178     
         293   13936.494203519615     
         294   13935.835395006838     
         295   13935.239588261047     
         296   13934.701946470097     
         297   13934.217865963812     
         298   13933.782980518070     
         299   13933.393163555158     
         300   13933.044528390054     
         301   13932.733426683977     
         302   13932.456445274916     
         303   13932.210401559916     
         304   13931.992337606041     
         305   13931.799513166223     
         306   13931.629397772935     
         307   13931.479662077265     
         308   13931.348168593498     
         309   13931.232962000402     
         310   13931.132259140113     
         311   13931.044438844290     
         312   13930.968031705241     
         313   13930.901709897413     
         314   13930.844277142131     
         315   13930.794658896024     
         316   13930.751892831480     
         317   13930.715119665723     
         318   13930.683574384037     
         319   13930.656577892256     
         320   13930.633529124030     
