   1.0000000000000000        92.135698620203485     
   2.0000000000000000        184.27139724040697     
   3.0000000000000000        276.40709586061047     
   4.0000000000000000        368.54279448081394     
   5.0000000000000000        460.67849310101741     
   6.0000000000000000        552.81419172122094     
   7.0000000000000000        644.94989034142441     
   8.0000000000000000        737.08558896162788     
   9.0000000000000000        829.22128758183135     
   10.000000000000000        921.35698620203482     
   11.000000000000000        1013.4926848222383     
   12.000000000000000        1105.6283834424419     
   13.000000000000000        1197.7640820626455     
   14.000000000000000        1289.8997806828490     
   15.000000000000000        1382.0354793030526     
   16.000000000000000        1474.1711779232562     
   17.000000000000000        1566.3068765434598     
   18.000000000000000        1658.4425751636634     
   19.000000000000000        1750.5782737838670     
   20.000000000000000        1842.7139724040705     
   21.000000000000000        1934.8496710242741     
   22.000000000000000        2026.9853696444777     
   23.000000000000000        2119.1210682646811     
   24.000000000000000        2211.2567668848847     
   25.000000000000000        2303.3924655050882     
   26.000000000000000        2395.5281641252918     
   27.000000000000000        2487.6638627454954     
   28.000000000000000        2579.7995613656990     
   29.000000000000000        2671.9352599859026     
   30.000000000000000        2764.0709586061062     
   31.000000000000000        2856.2066572263097     
   32.000000000000000        2948.3423558465133     
   33.000000000000000        3040.4780544667169     
   34.000000000000000        3132.6137530869205     
   35.000000000000000        3224.7494517071241     
   36.000000000000000        3316.8851503273277     
   37.000000000000000        3409.0208489475312     
   38.000000000000000        3501.1565475677348     
   39.000000000000000        3593.2922461879384     
   40.000000000000000        3685.4279448081420     
   41.000000000000000        3777.5636434283456     
   42.000000000000000        3869.6993420485492     
   43.000000000000000        3961.8350406687528     
   44.000000000000000        4053.9707392889563     
   45.000000000000000        4146.1064379091595     
   46.000000000000000        4238.2421365293631     
   47.000000000000000        4330.3778351495666     
   48.000000000000000        4422.5135337697702     
   49.000000000000000        4514.6492323899738     
   50.000000000000000        4606.7849310101774     
   51.000000000000000        4698.9206296303810     
   52.000000000000000        4791.0563282505846     
   53.000000000000000        4883.1920268707881     
   54.000000000000000        4975.3277254909917     
   55.000000000000000        5067.4634241111953     
   56.000000000000000        5159.5991227313989     
   57.000000000000000        5251.7348213516025     
   58.000000000000000        5343.8705199718061     
   59.000000000000000        5436.0062185920096     
   60.000000000000000        5528.1419172122132     
   61.000000000000000        5620.2776158324168     
   62.000000000000000        5712.4133144526204     
   63.000000000000000        5804.5490130728240     
   64.000000000000000        5896.6847116930276     
   65.000000000000000        5988.8204103132312     
   66.000000000000000        6203.0918075536383     
   67.000000000000000        6325.2275061738419     
   68.000000000000000        6447.3632047940455     
   69.000000000000000        6569.4989034142491     
   70.000000000000000        6691.6346020344527     
   71.000000000000000        6813.7703006546562     
   72.000000000000000        6935.9059992748598     
   73.000000000000000        7058.0416978950634     
   74.000000000000000        7180.1773965152670     
   75.000000000000000        7302.3130951354706     
   76.000000000000000        7424.4487937556742     
   77.000000000000000        7546.5844923758777     
   78.000000000000000        7668.7201909960813     
   79.000000000000000        7790.8558896162849     
   80.000000000000000        7912.9915882364885     
   81.000000000000000        8035.1272868566921     
   82.000000000000000        8157.2629854768957     
   83.000000000000000        8279.3986840970992     
   84.000000000000000        8401.5343827173019     
   85.000000000000000        8523.6700813375046     
   86.000000000000000        8645.8057799577073     
   87.000000000000000        8767.9414785779099     
   88.000000000000000        8890.0771771981126     
   89.000000000000000        9012.2128758183153     
   90.000000000000000        9134.3485744385180     
   91.000000000000000        9256.4842730587206     
   92.000000000000000        9378.6199716789233     
   93.000000000000000        9500.7556702991260     
   94.000000000000000        9622.8913689193287     
   95.000000000000000        9745.0270675395313     
   96.000000000000000        9867.1627661597340     
   97.000000000000000        9989.2984647799367     
   98.000000000000000        10111.434163400139     
   99.000000000000000        10233.569862020342     
   100.00000000000000        10355.705560640545     
   101.00000000000000        10477.841259260747     
   102.00000000000000        10599.976957880950     
   103.00000000000000        10722.112656501153     
   104.00000000000000        10844.248355121355     
   105.00000000000000        10966.384053741558     
   106.00000000000000        11088.519752361761     
   107.00000000000000        11210.655450981963     
   108.00000000000000        11332.791149602166     
   109.00000000000000        11454.926848222369     
   110.00000000000000        11577.062546842571     
   111.00000000000000        11699.198245462774     
   112.00000000000000        11821.333944082977     
   113.00000000000000        11943.469642703179     
   114.00000000000000        12065.605341323382     
   115.00000000000000        12187.741039943585     
   116.00000000000000        12309.876738563788     
   117.00000000000000        12432.012437183990     
   118.00000000000000        12554.148135804193     
   119.00000000000000        12676.283834424396     
   120.00000000000000        12798.419533044598     
   121.00000000000000        12920.555231664801     
   122.00000000000000        13042.690930285004     
   123.00000000000000        13164.826628905206     
   124.00000000000000        13286.962327525409     
   125.00000000000000        13409.098026145612     
   126.00000000000000        13531.233724765814     
   127.00000000000000        13653.369423386017     
   128.00000000000000        13775.505122006220     
   129.00000000000000        13897.640820626422     
   130.00000000000000        14019.776519246625     
   131.00000000000000        14141.912217866828     
   132.00000000000000        14264.047916487030     
   133.00000000000000        14386.183615107233     
   134.00000000000000        14508.319313727436     
   135.00000000000000        14802.590710967841     
   136.00000000000000        14974.726409588044     
   137.00000000000000        15146.862108208246     
   138.00000000000000        15318.997806828449     
   139.00000000000000        15491.133505448652     
   140.00000000000000        15663.269204068854     
   141.00000000000000        15835.404902689057     
   142.00000000000000        16007.540601309260     
   143.00000000000000        16179.676299929462     
   144.00000000000000        16351.811998549665     
   145.00000000000000        16523.947697169868     
   146.00000000000000        16696.083395790072     
   147.00000000000000        16868.219094410277     
   148.00000000000000        17040.354793030481     
   149.00000000000000        17212.490491650686     

   1.0000000000000000        92.135698620203485     
   2.0000000000000000        184.27139724040697     
   3.0000000000000000        276.40709586061047     
   4.0000000000000000        368.54279448081394     
   5.0000000000000000        460.67849310101741     
   6.0000000000000000        552.81419172122094     
   7.0000000000000000        644.94989034142441     
   8.0000000000000000        737.08558896162788     
   9.0000000000000000        829.22128758183135     
   10.000000000000000        921.35698620203482     
   11.000000000000000        1013.4926848222383     
   12.000000000000000        1105.6283834424419     
   13.000000000000000        1197.7640820626455     
   14.000000000000000        1289.8997806828490     
   15.000000000000000        1382.0354793030526     
   16.000000000000000        1474.1711779232562     
   17.000000000000000        1566.3068765434598     
   18.000000000000000        1658.4425751636634     
   19.000000000000000        1750.5782737838670     
   20.000000000000000        1842.7139724040705     
   21.000000000000000        1934.8496710242741     
   22.000000000000000        2026.9853696444777     
   23.000000000000000        2119.1210682646811     
   24.000000000000000        2211.2567668848847     
   25.000000000000000        2303.3924655050882     
   26.000000000000000        2395.5281641252918     
   27.000000000000000        2487.6638627454954     
   28.000000000000000        2579.7995613656990     
   29.000000000000000        2671.9352599859026     
   30.000000000000000        2764.0709586061062     
   31.000000000000000        2856.2066572263097     
   32.000000000000000        2948.3423558465133     
   33.000000000000000        3040.4780544667169     
   34.000000000000000        3132.6137530869205     
   35.000000000000000        3224.7494517071241     
   36.000000000000000        3316.8851503273277     
   37.000000000000000        3409.0208489475312     
   38.000000000000000        3501.1565475677348     
   39.000000000000000        3593.2922461879384     
   40.000000000000000        3685.4279448081420     
   41.000000000000000        3777.5636434283456     
   42.000000000000000        3869.6993420485492     
   43.000000000000000        3961.8350406687528     
   44.000000000000000        4053.9707392889563     
   45.000000000000000        4146.1064379091595     
   46.000000000000000        4238.2421365293631     
   47.000000000000000        4330.3778351495666     
   48.000000000000000        4422.5135337697702     
   49.000000000000000        4514.6492323899738     
   50.000000000000000        4606.7849310101774     
   51.000000000000000        4698.9206296303810     
   52.000000000000000        4791.0563282505846     
   53.000000000000000        4883.1920268707881     
   54.000000000000000        4975.3277254909917     
   55.000000000000000        5067.4634241111953     
   56.000000000000000        5159.5991227313989     
   57.000000000000000        5251.7348213516025     
   58.000000000000000        5343.8705199718061     
   59.000000000000000        5436.0062185920096     
   60.000000000000000        5528.1419172122132     
   61.000000000000000        5620.2776158324168     
   62.000000000000000        5712.4133144526204     
   63.000000000000000        5804.5490130728240     
   64.000000000000000        5896.6847116930276     
   65.000000000000000        5988.8204103132312     
   66.000000000000000        6203.0918075536383     
   67.000000000000000        6325.2275061738419     
   68.000000000000000        6447.3632047940455     
   69.000000000000000        6569.4989034142491     
   70.000000000000000        6691.6346020344527     
   71.000000000000000        6813.7703006546562     
   72.000000000000000        6935.9059992748598     
   73.000000000000000        7058.0416978950634     
   74.000000000000000        7180.1773965152670     
   75.000000000000000        7302.3130951354706     
   76.000000000000000        7424.4487937556742     
   77.000000000000000        7546.5844923758777     
   78.000000000000000        7668.7201909960813     
   79.000000000000000        7790.8558896162849     
   80.000000000000000        7912.9915882364885     
   81.000000000000000        8035.1272868566921     
   82.000000000000000        8157.2629854768957     
   83.000000000000000        8279.3986840970992     
   84.000000000000000        8401.5343827173019     
   85.000000000000000        8523.6700813375046     
   86.000000000000000        8645.8057799577073     
   87.000000000000000        8767.9414785779099     
   88.000000000000000        8890.0771771981126     
   89.000000000000000        9012.2128758183153     
   90.000000000000000        9134.3485744385180     
   91.000000000000000        9256.4842730587206     
   92.000000000000000        9378.6199716789233     
   93.000000000000000        9500.7556702991260     
   94.000000000000000        9622.8913689193287     
   95.000000000000000        9745.0270675395313     
   96.000000000000000        9867.1627661597340     
   97.000000000000000        9989.2984647799367     
   98.000000000000000        10111.434163400139     
   99.000000000000000        10233.569862020342     
   100.00000000000000        10355.705560640545     
   101.00000000000000        10477.841259260747     
   102.00000000000000        10599.976957880950     
   103.00000000000000        10722.112656501153     
   104.00000000000000        10844.248355121355     
   105.00000000000000        10966.384053741558     
   106.00000000000000        11088.519752361761     
   107.00000000000000        11210.655450981963     
   108.00000000000000        11332.791149602166     
   109.00000000000000        11454.926848222369     
   110.00000000000000        11577.062546842571     
   111.00000000000000        11699.198245462774     
   112.00000000000000        11821.333944082977     
   113.00000000000000        11943.469642703179     
   114.00000000000000        12065.605341323382     
   115.00000000000000        12187.741039943585     
   116.00000000000000        12309.876738563788     
   117.00000000000000        12432.012437183990     
   118.00000000000000        12554.148135804193     
   119.00000000000000        12676.283834424396     
   120.00000000000000        12798.419533044598     
   121.00000000000000        12920.555231664801     
   122.00000000000000        13042.690930285004     
   123.00000000000000        13164.826628905206     
   124.00000000000000        13286.962327525409     
   125.00000000000000        13409.098026145612     
   126.00000000000000        13531.233724765814     
   127.00000000000000        13653.369423386017     
   128.00000000000000        13775.505122006220     
   129.00000000000000        13897.640820626422     
   130.00000000000000        14019.776519246625     
   131.00000000000000        14141.912217866828     
   132.00000000000000        14264.047916487030     
   133.00000000000000        14386.183615107233     
   134.00000000000000        14508.319313727436     
   135.00000000000000        14630.455012347638     
   136.00000000000000        14752.590710967841     
   137.00000000000000        14874.726409588044     
   138.00000000000000        14996.862108208246     
   139.00000000000000        15118.997806828449     
   140.00000000000000        15241.133505448652     
   141.00000000000000        15535.404902689057     
   142.00000000000000        15707.540601309260     
   143.00000000000000        15879.676299929462     
   144.00000000000000        16051.811998549665     
   145.00000000000000        16223.947697169868     
   146.00000000000000        16396.083395790072     
   147.00000000000000        16568.219094410277     
   148.00000000000000        16740.354793030481     
   149.00000000000000        16912.490491650686     
   150.00000000000000        17084.626190270890     
   151.00000000000000        17256.761888891095     
   152.00000000000000        17428.897587511299     
   153.00000000000000        17601.033286131504     

   1.0000000000000000        92.135698620203485     
   2.0000000000000000        184.27139724040697     
   3.0000000000000000        276.40709586061047     
   4.0000000000000000        368.54279448081394     
   5.0000000000000000        460.67849310101741     
   6.0000000000000000        552.81419172122094     
   7.0000000000000000        644.94989034142441     
   8.0000000000000000        737.08558896162788     
   9.0000000000000000        829.22128758183135     
   10.000000000000000        921.35698620203482     
   11.000000000000000        1013.4926848222383     
   12.000000000000000        1105.6283834424419     
   13.000000000000000        1197.7640820626455     
   14.000000000000000        1289.8997806828490     
   15.000000000000000        1382.0354793030526     
   16.000000000000000        1474.1711779232562     
   17.000000000000000        1566.3068765434598     
   18.000000000000000        1658.4425751636634     
   19.000000000000000        1750.5782737838670     
   20.000000000000000        1842.7139724040705     
   21.000000000000000        1934.8496710242741     
   22.000000000000000        2026.9853696444777     
   23.000000000000000        2119.1210682646811     
   24.000000000000000        2211.2567668848847     
   25.000000000000000        2303.3924655050882     
   26.000000000000000        2395.5281641252918     
   27.000000000000000        2487.6638627454954     
   28.000000000000000        2579.7995613656990     
   29.000000000000000        2671.9352599859026     
   30.000000000000000        2764.0709586061062     
   31.000000000000000        2856.2066572263097     
   32.000000000000000        2948.3423558465133     
   33.000000000000000        3040.4780544667169     
   34.000000000000000        3132.6137530869205     
   35.000000000000000        3224.7494517071241     
   36.000000000000000        3316.8851503273277     
   37.000000000000000        3409.0208489475312     
   38.000000000000000        3501.1565475677348     
   39.000000000000000        3593.2922461879384     
   40.000000000000000        3685.4279448081420     
   41.000000000000000        3777.5636434283456     
   42.000000000000000        3869.6993420485492     
   43.000000000000000        3961.8350406687528     
   44.000000000000000        4053.9707392889563     
   45.000000000000000        4146.1064379091595     
   46.000000000000000        4238.2421365293631     
   47.000000000000000        4330.3778351495666     
   48.000000000000000        4422.5135337697702     
   49.000000000000000        4514.6492323899738     
   50.000000000000000        4606.7849310101774     
   51.000000000000000        4698.9206296303810     
   52.000000000000000        4791.0563282505846     
   53.000000000000000        4883.1920268707881     
   54.000000000000000        4975.3277254909917     
   55.000000000000000        5067.4634241111953     
   56.000000000000000        5159.5991227313989     
   57.000000000000000        5251.7348213516025     
   58.000000000000000        5343.8705199718061     
   59.000000000000000        5436.0062185920096     
   60.000000000000000        5528.1419172122132     
   61.000000000000000        5620.2776158324168     
   62.000000000000000        5712.4133144526204     
   63.000000000000000        5804.5490130728240     
   64.000000000000000        5896.6847116930276     
   65.000000000000000        5988.8204103132312     
   66.000000000000000        6203.0918075536383     
   67.000000000000000        6325.2275061738419     
   68.000000000000000        6447.3632047940455     
   69.000000000000000        6569.4989034142491     
   70.000000000000000        6691.6346020344527     
   71.000000000000000        6813.7703006546562     
   72.000000000000000        6935.9059992748598     
   73.000000000000000        7058.0416978950634     
   74.000000000000000        7180.1773965152670     
   75.000000000000000        7302.3130951354706     
   76.000000000000000        7424.4487937556742     
   77.000000000000000        7546.5844923758777     
   78.000000000000000        7668.7201909960813     
   79.000000000000000        7790.8558896162849     
   80.000000000000000        7912.9915882364885     
   81.000000000000000        8035.1272868566921     
   82.000000000000000        8157.2629854768957     
   83.000000000000000        8279.3986840970992     
   84.000000000000000        8401.5343827173019     
   85.000000000000000        8523.6700813375046     
   86.000000000000000        8645.8057799577073     
   87.000000000000000        8767.9414785779099     
   88.000000000000000        8890.0771771981126     
   89.000000000000000        9012.2128758183153     
   90.000000000000000        9134.3485744385180     
   91.000000000000000        9256.4842730587206     
   92.000000000000000        9378.6199716789233     
   93.000000000000000        9500.7556702991260     
   94.000000000000000        9622.8913689193287     
   95.000000000000000        9745.0270675395313     
   96.000000000000000        9867.1627661597340     
   97.000000000000000        9989.2984647799367     
   98.000000000000000        10111.434163400139     
   99.000000000000000        10233.569862020342     
   100.00000000000000        10355.705560640545     
   101.00000000000000        10477.841259260747     
   102.00000000000000        10599.976957880950     
   103.00000000000000        10722.112656501153     
   104.00000000000000        10844.248355121355     
   105.00000000000000        10966.384053741558     
   106.00000000000000        11088.519752361761     
   107.00000000000000        11210.655450981963     
   108.00000000000000        11332.791149602166     
   109.00000000000000        11454.926848222369     
   110.00000000000000        11577.062546842571     
   111.00000000000000        11699.198245462774     
   112.00000000000000        11821.333944082977     
   113.00000000000000        11943.469642703179     
   114.00000000000000        12065.605341323382     
   115.00000000000000        12187.741039943585     
   116.00000000000000        12309.876738563788     
   117.00000000000000        12432.012437183990     
   118.00000000000000        12554.148135804193     
   119.00000000000000        12676.283834424396     
   120.00000000000000        12798.419533044598     
   121.00000000000000        12920.555231664801     
   122.00000000000000        13042.690930285004     
   123.00000000000000        13164.826628905206     
   124.00000000000000        13286.962327525409     
   125.00000000000000        13409.098026145612     
   126.00000000000000        13531.233724765814     
   127.00000000000000        13653.369423386017     
   128.00000000000000        13775.505122006220     
   129.00000000000000        13897.640820626422     
   130.00000000000000        14019.776519246625     
   131.00000000000000        14141.912217866828     
   132.00000000000000        14264.047916487030     
   133.00000000000000        14386.183615107233     
   134.00000000000000        14508.319313727436     
   135.00000000000000        14630.455012347638     
   136.00000000000000        14752.590710967841     
   137.00000000000000        14874.726409588044     
   138.00000000000000        15168.997806828449     
   139.00000000000000        15341.133505448652     
   140.00000000000000        15513.269204068854     
   141.00000000000000        15685.404902689057     
   142.00000000000000        15857.540601309260     
   143.00000000000000        16029.676299929462     
   144.00000000000000        16201.811998549665     
   145.00000000000000        16373.947697169868     
   146.00000000000000        16546.083395790072     
   147.00000000000000        16718.219094410277     
   148.00000000000000        16890.354793030481     
   149.00000000000000        17062.490491650686     
   150.00000000000000        17234.626190270890     
   151.00000000000000        17406.761888891095     
   152.00000000000000        17578.897587511299     
   153.00000000000000        17751.033286131504     
   154.00000000000000        17923.168984751708     
   155.00000000000000        18095.304683371913     
   156.00000000000000        18267.440381992117     

   1.0000000000000000        92.135698620203485     
   2.0000000000000000        184.27139724040697     
   3.0000000000000000        276.40709586061047     
   4.0000000000000000        368.54279448081394     
   5.0000000000000000        460.67849310101741     
   6.0000000000000000        552.81419172122094     
   7.0000000000000000        644.94989034142441     
   8.0000000000000000        737.08558896162788     
   9.0000000000000000        829.22128758183135     
   10.000000000000000        921.35698620203482     
   11.000000000000000        1013.4926848222383     
   12.000000000000000        1105.6283834424419     
   13.000000000000000        1197.7640820626455     
   14.000000000000000        1289.8997806828490     
   15.000000000000000        1382.0354793030526     
   16.000000000000000        1474.1711779232562     
   17.000000000000000        1566.3068765434598     
   18.000000000000000        1658.4425751636634     
   19.000000000000000        1750.5782737838670     
   20.000000000000000        1842.7139724040705     
   21.000000000000000        1934.8496710242741     
   22.000000000000000        2026.9853696444777     
   23.000000000000000        2119.1210682646811     
   24.000000000000000        2211.2567668848847     
   25.000000000000000        2303.3924655050882     
   26.000000000000000        2395.5281641252918     
   27.000000000000000        2487.6638627454954     
   28.000000000000000        2579.7995613656990     
   29.000000000000000        2671.9352599859026     
   30.000000000000000        2764.0709586061062     
   31.000000000000000        2856.2066572263097     
   32.000000000000000        2948.3423558465133     
   33.000000000000000        3040.4780544667169     
   34.000000000000000        3132.6137530869205     
   35.000000000000000        3224.7494517071241     
   36.000000000000000        3316.8851503273277     
   37.000000000000000        3409.0208489475312     
   38.000000000000000        3501.1565475677348     
   39.000000000000000        3593.2922461879384     
   40.000000000000000        3685.4279448081420     
   41.000000000000000        3777.5636434283456     
   42.000000000000000        3869.6993420485492     
   43.000000000000000        3961.8350406687528     
   44.000000000000000        4053.9707392889563     
   45.000000000000000        4146.1064379091595     
   46.000000000000000        4238.2421365293631     
   47.000000000000000        4330.3778351495666     
   48.000000000000000        4422.5135337697702     
   49.000000000000000        4514.6492323899738     
   50.000000000000000        4606.7849310101774     
   51.000000000000000        4698.9206296303810     
   52.000000000000000        4791.0563282505846     
   53.000000000000000        4883.1920268707881     
   54.000000000000000        4975.3277254909917     
   55.000000000000000        5067.4634241111953     
   56.000000000000000        5159.5991227313989     
   57.000000000000000        5251.7348213516025     
   58.000000000000000        5343.8705199718061     
   59.000000000000000        5436.0062185920096     
   60.000000000000000        5528.1419172122132     
   61.000000000000000        5620.2776158324168     
   62.000000000000000        5712.4133144526204     
   63.000000000000000        5804.5490130728240     
   64.000000000000000        5896.6847116930276     
   65.000000000000000        5988.8204103132312     
   66.000000000000000        6203.0918075536383     
   67.000000000000000        6325.2275061738419     
   68.000000000000000        6447.3632047940455     
   69.000000000000000        6569.4989034142491     
   70.000000000000000        6691.6346020344527     
   71.000000000000000        6813.7703006546562     
   72.000000000000000        6935.9059992748598     
   73.000000000000000        7058.0416978950634     
   74.000000000000000        7180.1773965152670     
   75.000000000000000        7302.3130951354706     
   76.000000000000000        7424.4487937556742     
   77.000000000000000        7546.5844923758777     
   78.000000000000000        7668.7201909960813     
   79.000000000000000        7790.8558896162849     
   80.000000000000000        7912.9915882364885     
   81.000000000000000        8035.1272868566921     
   82.000000000000000        8157.2629854768957     
   83.000000000000000        8279.3986840970992     
   84.000000000000000        8401.5343827173019     
   85.000000000000000        8523.6700813375046     
   86.000000000000000        8645.8057799577073     
   87.000000000000000        8767.9414785779099     
   88.000000000000000        8890.0771771981126     
   89.000000000000000        9012.2128758183153     
   90.000000000000000        9134.3485744385180     
   91.000000000000000        9256.4842730587206     
   92.000000000000000        9378.6199716789233     
   93.000000000000000        9500.7556702991260     
   94.000000000000000        9622.8913689193287     
   95.000000000000000        9745.0270675395313     
   96.000000000000000        9867.1627661597340     
   97.000000000000000        9989.2984647799367     
   98.000000000000000        10111.434163400139     
   99.000000000000000        10233.569862020342     
   100.00000000000000        10355.705560640545     
   101.00000000000000        10477.841259260747     
   102.00000000000000        10599.976957880950     
   103.00000000000000        10722.112656501153     
   104.00000000000000        10844.248355121355     
   105.00000000000000        10966.384053741558     
   106.00000000000000        11088.519752361761     
   107.00000000000000        11210.655450981963     
   108.00000000000000        11332.791149602166     
   109.00000000000000        11454.926848222369     
   110.00000000000000        11577.062546842571     
   111.00000000000000        11699.198245462774     
   112.00000000000000        11821.333944082977     
   113.00000000000000        11943.469642703179     
   114.00000000000000        12065.605341323382     
   115.00000000000000        12187.741039943585     
   116.00000000000000        12309.876738563788     
   117.00000000000000        12432.012437183990     
   118.00000000000000        12554.148135804193     
   119.00000000000000        12676.283834424396     
   120.00000000000000        12798.419533044598     
   121.00000000000000        12920.555231664801     
   122.00000000000000        13042.690930285004     
   123.00000000000000        13164.826628905206     
   124.00000000000000        13286.962327525409     
   125.00000000000000        13409.098026145612     
   126.00000000000000        13531.233724765814     
   127.00000000000000        13653.369423386017     
   128.00000000000000        13775.505122006220     
   129.00000000000000        13897.640820626422     
   130.00000000000000        14019.776519246625     
   131.00000000000000        14141.912217866828     
   132.00000000000000        14264.047916487030     
   133.00000000000000        14386.183615107233     
   134.00000000000000        14508.319313727436     
   135.00000000000000        14630.455012347638     
   136.00000000000000        14752.590710967841     
   137.00000000000000        14874.726409588044     
   138.00000000000000        14996.862108208246     
   139.00000000000000        15118.997806828449     
   140.00000000000000        15241.133505448652     
   141.00000000000000        15363.269204068854     
   142.00000000000000        15485.404902689057     
   143.00000000000000        15607.540601309260     
   144.00000000000000        15729.676299929462     
   145.00000000000000        15851.811998549665     
   146.00000000000000        15973.947697169868     
   147.00000000000000        16096.083395790070     
   148.00000000000000        16218.219094410273     
   149.00000000000000        16340.354793030476     
   150.00000000000000        16462.490491650678     
   151.00000000000000        16756.761888891087     
   152.00000000000000        16928.897587511292     
   153.00000000000000        17101.033286131496     
   154.00000000000000        17273.168984751701     
   155.00000000000000        17445.304683371905     
   156.00000000000000        17617.440381992110     
   157.00000000000000        17789.576080612314     
   158.00000000000000        17961.711779232519     
   159.00000000000000        18133.847477852723     
   160.00000000000000        18305.983176472928     
   161.00000000000000        18478.118875093132     

   1.0000000000000000        92.135698620203485     
   2.0000000000000000        184.27139724040697     
   3.0000000000000000        276.40709586061047     
   4.0000000000000000        368.54279448081394     
   5.0000000000000000        460.67849310101741     
   6.0000000000000000        552.81419172122094     
   7.0000000000000000        644.94989034142441     
   8.0000000000000000        737.08558896162788     
   9.0000000000000000        829.22128758183135     
   10.000000000000000        921.35698620203482     
   11.000000000000000        1013.4926848222383     
   12.000000000000000        1105.6283834424419     
   13.000000000000000        1197.7640820626455     
   14.000000000000000        1289.8997806828490     
   15.000000000000000        1382.0354793030526     
   16.000000000000000        1474.1711779232562     
   17.000000000000000        1566.3068765434598     
   18.000000000000000        1658.4425751636634     
   19.000000000000000        1750.5782737838670     
   20.000000000000000        1842.7139724040705     
   21.000000000000000        1934.8496710242741     
   22.000000000000000        2026.9853696444777     
   23.000000000000000        2119.1210682646811     
   24.000000000000000        2211.2567668848847     
   25.000000000000000        2303.3924655050882     
   26.000000000000000        2395.5281641252918     
   27.000000000000000        2487.6638627454954     
   28.000000000000000        2579.7995613656990     
   29.000000000000000        2671.9352599859026     
   30.000000000000000        2764.0709586061062     
   31.000000000000000        2856.2066572263097     
   32.000000000000000        2948.3423558465133     
   33.000000000000000        3040.4780544667169     
   34.000000000000000        3132.6137530869205     
   35.000000000000000        3224.7494517071241     
   36.000000000000000        3316.8851503273277     
   37.000000000000000        3409.0208489475312     
   38.000000000000000        3501.1565475677348     
   39.000000000000000        3593.2922461879384     
   40.000000000000000        3685.4279448081420     
   41.000000000000000        3777.5636434283456     
   42.000000000000000        3869.6993420485492     
   43.000000000000000        3961.8350406687528     
   44.000000000000000        4053.9707392889563     
   45.000000000000000        4146.1064379091595     
   46.000000000000000        4238.2421365293631     
   47.000000000000000        4330.3778351495666     
   48.000000000000000        4422.5135337697702     
   49.000000000000000        4514.6492323899738     
   50.000000000000000        4606.7849310101774     
   51.000000000000000        4698.9206296303810     
   52.000000000000000        4791.0563282505846     
   53.000000000000000        4883.1920268707881     
   54.000000000000000        4975.3277254909917     
   55.000000000000000        5067.4634241111953     
   56.000000000000000        5159.5991227313989     
   57.000000000000000        5251.7348213516025     
   58.000000000000000        5343.8705199718061     
   59.000000000000000        5436.0062185920096     
   60.000000000000000        5528.1419172122132     
   61.000000000000000        5620.2776158324168     
   62.000000000000000        5712.4133144526204     
   63.000000000000000        5804.5490130728240     
   64.000000000000000        5896.6847116930276     
   65.000000000000000        5988.8204103132312     
   66.000000000000000        6203.0918075536383     
   67.000000000000000        6325.2275061738419     
   68.000000000000000        6447.3632047940455     
   69.000000000000000        6569.4989034142491     
   70.000000000000000        6691.6346020344527     
   71.000000000000000        6813.7703006546562     
   72.000000000000000        6935.9059992748598     
   73.000000000000000        7058.0416978950634     
   74.000000000000000        7180.1773965152670     
   75.000000000000000        7302.3130951354706     
   76.000000000000000        7424.4487937556742     
   77.000000000000000        7546.5844923758777     
   78.000000000000000        7668.7201909960813     
   79.000000000000000        7790.8558896162849     
   80.000000000000000        7912.9915882364885     
   81.000000000000000        8035.1272868566921     
   82.000000000000000        8157.2629854768957     
   83.000000000000000        8279.3986840970992     
   84.000000000000000        8401.5343827173019     
   85.000000000000000        8523.6700813375046     
   86.000000000000000        8645.8057799577073     
   87.000000000000000        8767.9414785779099     
   88.000000000000000        8890.0771771981126     
   89.000000000000000        9012.2128758183153     
   90.000000000000000        9134.3485744385180     
   91.000000000000000        9256.4842730587206     
   92.000000000000000        9378.6199716789233     
   93.000000000000000        9500.7556702991260     
   94.000000000000000        9622.8913689193287     
   95.000000000000000        9745.0270675395313     
   96.000000000000000        9867.1627661597340     
   97.000000000000000        9989.2984647799367     
   98.000000000000000        10111.434163400139     
   99.000000000000000        10233.569862020342     
   100.00000000000000        10355.705560640545     
   101.00000000000000        10477.841259260747     
   102.00000000000000        10599.976957880950     
   103.00000000000000        10722.112656501153     
   104.00000000000000        10844.248355121355     
   105.00000000000000        10966.384053741558     
   106.00000000000000        11088.519752361761     
   107.00000000000000        11210.655450981963     
   108.00000000000000        11332.791149602166     
   109.00000000000000        11454.926848222369     
   110.00000000000000        11577.062546842571     
   111.00000000000000        11699.198245462774     
   112.00000000000000        11821.333944082977     
   113.00000000000000        11943.469642703179     
   114.00000000000000        12065.605341323382     
   115.00000000000000        12187.741039943585     
   116.00000000000000        12309.876738563788     
   117.00000000000000        12432.012437183990     
   118.00000000000000        12554.148135804193     
   119.00000000000000        12676.283834424396     
   120.00000000000000        12798.419533044598     
   121.00000000000000        12920.555231664801     
   122.00000000000000        13042.690930285004     
   123.00000000000000        13164.826628905206     
   124.00000000000000        13286.962327525409     
   125.00000000000000        13409.098026145612     
   126.00000000000000        13531.233724765814     
   127.00000000000000        13653.369423386017     
   128.00000000000000        13775.505122006220     
   129.00000000000000        13897.640820626422     
   130.00000000000000        14019.776519246625     
   131.00000000000000        14141.912217866828     
   132.00000000000000        14264.047916487030     
   133.00000000000000        14386.183615107233     
   134.00000000000000        14508.319313727436     
   135.00000000000000        14630.455012347638     
   136.00000000000000        14752.590710967841     
   137.00000000000000        14874.726409588044     
   138.00000000000000        14996.862108208246     
   139.00000000000000        15118.997806828449     
   140.00000000000000        15241.133505448652     
   141.00000000000000        15363.269204068854     
   142.00000000000000        15485.404902689057     
   143.00000000000000        15607.540601309260     
   144.00000000000000        15729.676299929462     
   145.00000000000000        15851.811998549665     
   146.00000000000000        15973.947697169868     
   147.00000000000000        16096.083395790070     
   148.00000000000000        16218.219094410273     
   149.00000000000000        16340.354793030476     
   150.00000000000000        16462.490491650678     
   151.00000000000000        16756.761888891087     
   152.00000000000000        16928.897587511292     
   153.00000000000000        17101.033286131496     
   154.00000000000000        17273.168984751701     
   155.00000000000000        17445.304683371905     
   156.00000000000000        17617.440381992110     
   157.00000000000000        17789.576080612314     
   158.00000000000000        17961.711779232519     
   159.00000000000000        18133.847477852723     
   160.00000000000000        18305.983176472928     
   161.00000000000000        18478.118875093132     

   1.0000000000000000        92.135698620203485     
   2.0000000000000000        184.27139724040697     
   3.0000000000000000        276.40709586061047     
   4.0000000000000000        368.54279448081394     
   5.0000000000000000        460.67849310101741     
   6.0000000000000000        552.81419172122094     
   7.0000000000000000        644.94989034142441     
   8.0000000000000000        737.08558896162788     
   9.0000000000000000        829.22128758183135     
   10.000000000000000        921.35698620203482     
   11.000000000000000        1013.4926848222383     
   12.000000000000000        1105.6283834424419     
   13.000000000000000        1197.7640820626455     
   14.000000000000000        1289.8997806828490     
   15.000000000000000        1382.0354793030526     
   16.000000000000000        1474.1711779232562     
   17.000000000000000        1566.3068765434598     
   18.000000000000000        1658.4425751636634     
   19.000000000000000        1750.5782737838670     
   20.000000000000000        1842.7139724040705     
   21.000000000000000        1934.8496710242741     
   22.000000000000000        2026.9853696444777     
   23.000000000000000        2119.1210682646811     
   24.000000000000000        2211.2567668848847     
   25.000000000000000        2303.3924655050882     
   26.000000000000000        2395.5281641252918     
   27.000000000000000        2487.6638627454954     
   28.000000000000000        2579.7995613656990     
   29.000000000000000        2671.9352599859026     
   30.000000000000000        2764.0709586061062     
   31.000000000000000        2856.2066572263097     
   32.000000000000000        2948.3423558465133     
   33.000000000000000        3040.4780544667169     
   34.000000000000000        3132.6137530869205     
   35.000000000000000        3224.7494517071241     
   36.000000000000000        3316.8851503273277     
   37.000000000000000        3409.0208489475312     
   38.000000000000000        3501.1565475677348     
   39.000000000000000        3593.2922461879384     
   40.000000000000000        3685.4279448081420     
   41.000000000000000        3777.5636434283456     
   42.000000000000000        3869.6993420485492     
   43.000000000000000        3961.8350406687528     
   44.000000000000000        4053.9707392889563     
   45.000000000000000        4146.1064379091595     
   46.000000000000000        4238.2421365293631     
   47.000000000000000        4330.3778351495666     
   48.000000000000000        4422.5135337697702     
   49.000000000000000        4514.6492323899738     
   50.000000000000000        4606.7849310101774     
   51.000000000000000        4698.9206296303810     
   52.000000000000000        4791.0563282505846     
   53.000000000000000        4883.1920268707881     
   54.000000000000000        4975.3277254909917     
   55.000000000000000        5067.4634241111953     
   56.000000000000000        5159.5991227313989     
   57.000000000000000        5251.7348213516025     
   58.000000000000000        5343.8705199718061     
   59.000000000000000        5436.0062185920096     
   60.000000000000000        5528.1419172122132     
   61.000000000000000        5620.2776158324168     
   62.000000000000000        5712.4133144526204     
   63.000000000000000        5804.5490130728240     
   64.000000000000000        5896.6847116930276     
   65.000000000000000        5988.8204103132312     
   66.000000000000000        6203.0918075536383     
   67.000000000000000        6325.2275061738419     
   68.000000000000000        6447.3632047940455     
   69.000000000000000        6569.4989034142491     
   70.000000000000000        6691.6346020344527     
   71.000000000000000        6813.7703006546562     
   72.000000000000000        6935.9059992748598     
   73.000000000000000        7058.0416978950634     
   74.000000000000000        7180.1773965152670     
   75.000000000000000        7302.3130951354706     
   76.000000000000000        7424.4487937556742     
   77.000000000000000        7546.5844923758777     
   78.000000000000000        7668.7201909960813     
   79.000000000000000        7790.8558896162849     
   80.000000000000000        7912.9915882364885     
   81.000000000000000        8035.1272868566921     
   82.000000000000000        8157.2629854768957     
   83.000000000000000        8279.3986840970992     
   84.000000000000000        8401.5343827173019     
   85.000000000000000        8523.6700813375046     
   86.000000000000000        8645.8057799577073     
   87.000000000000000        8767.9414785779099     
   88.000000000000000        8890.0771771981126     
   89.000000000000000        9012.2128758183153     
   90.000000000000000        9134.3485744385180     
   91.000000000000000        9256.4842730587206     
   92.000000000000000        9378.6199716789233     
   93.000000000000000        9500.7556702991260     
   94.000000000000000        9622.8913689193287     
   95.000000000000000        9745.0270675395313     
   96.000000000000000        9867.1627661597340     
   97.000000000000000        9989.2984647799367     
   98.000000000000000        10111.434163400139     
   99.000000000000000        10233.569862020342     
   100.00000000000000        10355.705560640545     
   101.00000000000000        10477.841259260747     
   102.00000000000000        10599.976957880950     
   103.00000000000000        10722.112656501153     
   104.00000000000000        10844.248355121355     
   105.00000000000000        10966.384053741558     
   106.00000000000000        11088.519752361761     
   107.00000000000000        11210.655450981963     
   108.00000000000000        11332.791149602166     
   109.00000000000000        11454.926848222369     
   110.00000000000000        11577.062546842571     
   111.00000000000000        11699.198245462774     
   112.00000000000000        11821.333944082977     
   113.00000000000000        11943.469642703179     
   114.00000000000000        12065.605341323382     
   115.00000000000000        12187.741039943585     
   116.00000000000000        12309.876738563788     
   117.00000000000000        12432.012437183990     
   118.00000000000000        12554.148135804193     
   119.00000000000000        12676.283834424396     
   120.00000000000000        12798.419533044598     
   121.00000000000000        12920.555231664801     
   122.00000000000000        13042.690930285004     
   123.00000000000000        13164.826628905206     
   124.00000000000000        13286.962327525409     
   125.00000000000000        13409.098026145612     
   126.00000000000000        13531.233724765814     
   127.00000000000000        13653.369423386017     
   128.00000000000000        13775.505122006220     
   129.00000000000000        13897.640820626422     
   130.00000000000000        14019.776519246625     
   131.00000000000000        14141.912217866828     
   132.00000000000000        14264.047916487030     
   133.00000000000000        14386.183615107233     
   134.00000000000000        14508.319313727436     
   135.00000000000000        14630.455012347638     
   136.00000000000000        14752.590710967841     
   137.00000000000000        14874.726409588044     
   138.00000000000000        14996.862108208246     
   139.00000000000000        15118.997806828449     
   140.00000000000000        15241.133505448652     
   141.00000000000000        15363.269204068854     
   142.00000000000000        15485.404902689057     
   143.00000000000000        15607.540601309260     
   144.00000000000000        15729.676299929462     
   145.00000000000000        15851.811998549665     
   146.00000000000000        15973.947697169868     
   147.00000000000000        16096.083395790070     
   148.00000000000000        16218.219094410273     
   149.00000000000000        16340.354793030476     
   150.00000000000000        16462.490491650678     
   151.00000000000000        16756.761888891087     
   152.00000000000000        16928.897587511292     
   153.00000000000000        17101.033286131496     
   154.00000000000000        17273.168984751701     
   155.00000000000000        17445.304683371905     
   156.00000000000000        17617.440381992110     
   157.00000000000000        17789.576080612314     
   158.00000000000000        17961.711779232519     
   159.00000000000000        18133.847477852723     
   160.00000000000000        18305.983176472928     
   161.00000000000000        18478.118875093132     

   1.0000000000000000        92.135698620203485     
   2.0000000000000000        184.27139724040697     
   3.0000000000000000        276.40709586061047     
   4.0000000000000000        368.54279448081394     
   5.0000000000000000        460.67849310101741     
   6.0000000000000000        552.81419172122094     
   7.0000000000000000        644.94989034142441     
   8.0000000000000000        737.08558896162788     
   9.0000000000000000        829.22128758183135     
   10.000000000000000        921.35698620203482     
   11.000000000000000        1013.4926848222383     
   12.000000000000000        1105.6283834424419     
   13.000000000000000        1197.7640820626455     
   14.000000000000000        1289.8997806828490     
   15.000000000000000        1382.0354793030526     
   16.000000000000000        1474.1711779232562     
   17.000000000000000        1566.3068765434598     
   18.000000000000000        1658.4425751636634     
   19.000000000000000        1750.5782737838670     
   20.000000000000000        1842.7139724040705     
   21.000000000000000        1934.8496710242741     
   22.000000000000000        2026.9853696444777     
   23.000000000000000        2119.1210682646811     
   24.000000000000000        2211.2567668848847     
   25.000000000000000        2303.3924655050882     
   26.000000000000000        2395.5281641252918     
   27.000000000000000        2487.6638627454954     
   28.000000000000000        2579.7995613656990     
   29.000000000000000        2671.9352599859026     
   30.000000000000000        2764.0709586061062     
   31.000000000000000        2856.2066572263097     
   32.000000000000000        2948.3423558465133     
   33.000000000000000        3040.4780544667169     
   34.000000000000000        3132.6137530869205     
   35.000000000000000        3224.7494517071241     
   36.000000000000000        3316.8851503273277     
   37.000000000000000        3409.0208489475312     
   38.000000000000000        3501.1565475677348     
   39.000000000000000        3593.2922461879384     
   40.000000000000000        3685.4279448081420     
   41.000000000000000        3777.5636434283456     
   42.000000000000000        3869.6993420485492     
   43.000000000000000        3961.8350406687528     
   44.000000000000000        4053.9707392889563     
   45.000000000000000        4146.1064379091595     
   46.000000000000000        4238.2421365293631     
   47.000000000000000        4330.3778351495666     
   48.000000000000000        4422.5135337697702     
   49.000000000000000        4514.6492323899738     
   50.000000000000000        4606.7849310101774     
   51.000000000000000        4698.9206296303810     
   52.000000000000000        4791.0563282505846     
   53.000000000000000        4883.1920268707881     
   54.000000000000000        4975.3277254909917     
   55.000000000000000        5067.4634241111953     
   56.000000000000000        5159.5991227313989     
   57.000000000000000        5251.7348213516025     
   58.000000000000000        5343.8705199718061     
   59.000000000000000        5436.0062185920096     
   60.000000000000000        5528.1419172122132     
   61.000000000000000        5620.2776158324168     
   62.000000000000000        5712.4133144526204     
   63.000000000000000        5804.5490130728240     
   64.000000000000000        5896.6847116930276     
   65.000000000000000        5988.8204103132312     
   66.000000000000000        6203.0918075536383     
   67.000000000000000        6325.2275061738419     
   68.000000000000000        6447.3632047940455     
   69.000000000000000        6569.4989034142491     
   70.000000000000000        6691.6346020344527     
   71.000000000000000        6813.7703006546562     
   72.000000000000000        6935.9059992748598     
   73.000000000000000        7058.0416978950634     
   74.000000000000000        7180.1773965152670     
   75.000000000000000        7302.3130951354706     
   76.000000000000000        7424.4487937556742     
   77.000000000000000        7546.5844923758777     
   78.000000000000000        7668.7201909960813     
   79.000000000000000        7790.8558896162849     
   80.000000000000000        7912.9915882364885     
   81.000000000000000        8035.1272868566921     
   82.000000000000000        8157.2629854768957     
   83.000000000000000        8279.3986840970992     
   84.000000000000000        8401.5343827173019     
   85.000000000000000        8523.6700813375046     
   86.000000000000000        8645.8057799577073     
   87.000000000000000        8767.9414785779099     
   88.000000000000000        8890.0771771981126     
   89.000000000000000        9012.2128758183153     
   90.000000000000000        9134.3485744385180     
   91.000000000000000        9256.4842730587206     
   92.000000000000000        9378.6199716789233     
   93.000000000000000        9500.7556702991260     
   94.000000000000000        9622.8913689193287     
   95.000000000000000        9745.0270675395313     
   96.000000000000000        9867.1627661597340     
   97.000000000000000        9989.2984647799367     
   98.000000000000000        10111.434163400139     
   99.000000000000000        10233.569862020342     
   100.00000000000000        10355.705560640545     
   101.00000000000000        10477.841259260747     
   102.00000000000000        10599.976957880950     
   103.00000000000000        10722.112656501153     
   104.00000000000000        10844.248355121355     
   105.00000000000000        10966.384053741558     
   106.00000000000000        11088.519752361761     
   107.00000000000000        11210.655450981963     
   108.00000000000000        11332.791149602166     
   109.00000000000000        11454.926848222369     
   110.00000000000000        11577.062546842571     
   111.00000000000000        11699.198245462774     
   112.00000000000000        11821.333944082977     
   113.00000000000000        11943.469642703179     
   114.00000000000000        12065.605341323382     
   115.00000000000000        12187.741039943585     
   116.00000000000000        12309.876738563788     
   117.00000000000000        12432.012437183990     
   118.00000000000000        12554.148135804193     
   119.00000000000000        12676.283834424396     
   120.00000000000000        12798.419533044598     
   121.00000000000000        12920.555231664801     
   122.00000000000000        13042.690930285004     
   123.00000000000000        13164.826628905206     
   124.00000000000000        13286.962327525409     
   125.00000000000000        13409.098026145612     
   126.00000000000000        13531.233724765814     
   127.00000000000000        13653.369423386017     
   128.00000000000000        13775.505122006220     
   129.00000000000000        13897.640820626422     
   130.00000000000000        14019.776519246625     
   131.00000000000000        14141.912217866828     
   132.00000000000000        14264.047916487030     
   133.00000000000000        14386.183615107233     
   134.00000000000000        14508.319313727436     
   135.00000000000000        14630.455012347638     
   136.00000000000000        14752.590710967841     
   137.00000000000000        14874.726409588044     
   138.00000000000000        14996.862108208246     
   139.00000000000000        15118.997806828449     
   140.00000000000000        15241.133505448652     
   141.00000000000000        15363.269204068854     
   142.00000000000000        15485.404902689057     
   143.00000000000000        15607.540601309260     
   144.00000000000000        15729.676299929462     
   145.00000000000000        15851.811998549665     
   146.00000000000000        16146.083395790070     
   147.00000000000000        16318.219094410273     
   148.00000000000000        16490.354793030478     
   149.00000000000000        16662.490491650682     
   150.00000000000000        16834.626190270887     
   151.00000000000000        17006.761888891091     
   152.00000000000000        17178.897587511296     
   153.00000000000000        17351.033286131500     
   154.00000000000000        17523.168984751705     
   155.00000000000000        17695.304683371909     
   156.00000000000000        17867.440381992114     
   157.00000000000000        18039.576080612318     
   158.00000000000000        18211.711779232523     
   159.00000000000000        18383.847477852727     
   160.00000000000000        18555.983176472932     

   1.0000000000000000        92.135698620203485     
   2.0000000000000000        184.27139724040697     
   3.0000000000000000        276.40709586061047     
   4.0000000000000000        368.54279448081394     
   5.0000000000000000        460.67849310101741     
   6.0000000000000000        552.81419172122094     
   7.0000000000000000        644.94989034142441     
   8.0000000000000000        737.08558896162788     
   9.0000000000000000        829.22128758183135     
   10.000000000000000        921.35698620203482     
   11.000000000000000        1013.4926848222383     
   12.000000000000000        1105.6283834424419     
   13.000000000000000        1197.7640820626455     
   14.000000000000000        1289.8997806828490     
   15.000000000000000        1382.0354793030526     
   16.000000000000000        1474.1711779232562     
   17.000000000000000        1566.3068765434598     
   18.000000000000000        1658.4425751636634     
   19.000000000000000        1750.5782737838670     
   20.000000000000000        1842.7139724040705     
   21.000000000000000        1934.8496710242741     
   22.000000000000000        2026.9853696444777     
   23.000000000000000        2119.1210682646811     
   24.000000000000000        2211.2567668848847     
   25.000000000000000        2303.3924655050882     
   26.000000000000000        2395.5281641252918     
   27.000000000000000        2487.6638627454954     
   28.000000000000000        2579.7995613656990     
   29.000000000000000        2671.9352599859026     
   30.000000000000000        2764.0709586061062     
   31.000000000000000        2856.2066572263097     
   32.000000000000000        2948.3423558465133     
   33.000000000000000        3040.4780544667169     
   34.000000000000000        3132.6137530869205     
   35.000000000000000        3224.7494517071241     
   36.000000000000000        3316.8851503273277     
   37.000000000000000        3409.0208489475312     
   38.000000000000000        3501.1565475677348     
   39.000000000000000        3593.2922461879384     
   40.000000000000000        3685.4279448081420     
   41.000000000000000        3777.5636434283456     
   42.000000000000000        3869.6993420485492     
   43.000000000000000        3961.8350406687528     
   44.000000000000000        4053.9707392889563     
   45.000000000000000        4146.1064379091595     
   46.000000000000000        4238.2421365293631     
   47.000000000000000        4330.3778351495666     
   48.000000000000000        4422.5135337697702     
   49.000000000000000        4514.6492323899738     
   50.000000000000000        4606.7849310101774     
   51.000000000000000        4698.9206296303810     
   52.000000000000000        4791.0563282505846     
   53.000000000000000        4883.1920268707881     
   54.000000000000000        4975.3277254909917     
   55.000000000000000        5067.4634241111953     
   56.000000000000000        5159.5991227313989     
   57.000000000000000        5251.7348213516025     
   58.000000000000000        5343.8705199718061     
   59.000000000000000        5436.0062185920096     
   60.000000000000000        5528.1419172122132     
   61.000000000000000        5620.2776158324168     
   62.000000000000000        5712.4133144526204     
   63.000000000000000        5804.5490130728240     
   64.000000000000000        5896.6847116930276     
   65.000000000000000        5988.8204103132312     
   66.000000000000000        6203.0918075536383     
   67.000000000000000        6325.2275061738419     
   68.000000000000000        6447.3632047940455     
   69.000000000000000        6569.4989034142491     
   70.000000000000000        6691.6346020344527     
   71.000000000000000        6813.7703006546562     
   72.000000000000000        6935.9059992748598     
   73.000000000000000        7058.0416978950634     
   74.000000000000000        7180.1773965152670     
   75.000000000000000        7302.3130951354706     
   76.000000000000000        7424.4487937556742     
   77.000000000000000        7546.5844923758777     
   78.000000000000000        7668.7201909960813     
   79.000000000000000        7790.8558896162849     
   80.000000000000000        7912.9915882364885     
   81.000000000000000        8035.1272868566921     
   82.000000000000000        8157.2629854768957     
   83.000000000000000        8279.3986840970992     
   84.000000000000000        8401.5343827173019     
   85.000000000000000        8523.6700813375046     
   86.000000000000000        8645.8057799577073     
   87.000000000000000        8767.9414785779099     
   88.000000000000000        8890.0771771981126     
   89.000000000000000        9012.2128758183153     
   90.000000000000000        9134.3485744385180     
   91.000000000000000        9256.4842730587206     
   92.000000000000000        9378.6199716789233     
   93.000000000000000        9500.7556702991260     
   94.000000000000000        9622.8913689193287     
   95.000000000000000        9745.0270675395313     
   96.000000000000000        9867.1627661597340     
   97.000000000000000        9989.2984647799367     
   98.000000000000000        10111.434163400139     
   99.000000000000000        10233.569862020342     
   100.00000000000000        10355.705560640545     
   101.00000000000000        10477.841259260747     
   102.00000000000000        10599.976957880950     
   103.00000000000000        10722.112656501153     
   104.00000000000000        10844.248355121355     
   105.00000000000000        10966.384053741558     
   106.00000000000000        11088.519752361761     
   107.00000000000000        11210.655450981963     
   108.00000000000000        11332.791149602166     
   109.00000000000000        11454.926848222369     
   110.00000000000000        11577.062546842571     
   111.00000000000000        11699.198245462774     
   112.00000000000000        11821.333944082977     
   113.00000000000000        11943.469642703179     
   114.00000000000000        12065.605341323382     
   115.00000000000000        12187.741039943585     
   116.00000000000000        12309.876738563788     
   117.00000000000000        12432.012437183990     
   118.00000000000000        12554.148135804193     
   119.00000000000000        12676.283834424396     
   120.00000000000000        12798.419533044598     
   121.00000000000000        12920.555231664801     
   122.00000000000000        13042.690930285004     
   123.00000000000000        13164.826628905206     
   124.00000000000000        13286.962327525409     
   125.00000000000000        13409.098026145612     
   126.00000000000000        13531.233724765814     
   127.00000000000000        13653.369423386017     
   128.00000000000000        13775.505122006220     
   129.00000000000000        13897.640820626422     
   130.00000000000000        14019.776519246625     
   131.00000000000000        14141.912217866828     
   132.00000000000000        14264.047916487030     
   133.00000000000000        14386.183615107233     
   134.00000000000000        14508.319313727436     
   135.00000000000000        14630.455012347638     
   136.00000000000000        14752.590710967841     
   137.00000000000000        14874.726409588044     
   138.00000000000000        14996.862108208246     
   139.00000000000000        15118.997806828449     
   140.00000000000000        15241.133505448652     
   141.00000000000000        15363.269204068854     
   142.00000000000000        15485.404902689057     
   143.00000000000000        15607.540601309260     
   144.00000000000000        15729.676299929462     
   145.00000000000000        15851.811998549665     
   146.00000000000000        15973.947697169868     
   147.00000000000000        16096.083395790070     
   148.00000000000000        16218.219094410273     
   149.00000000000000        16340.354793030476     
   150.00000000000000        16462.490491650678     
   151.00000000000000        16756.761888891087     
   152.00000000000000        16928.897587511292     
   153.00000000000000        17101.033286131496     
   154.00000000000000        17273.168984751701     
   155.00000000000000        17445.304683371905     
   156.00000000000000        17617.440381992110     
   157.00000000000000        17789.576080612314     
   158.00000000000000        17961.711779232519     
   159.00000000000000        18133.847477852723     
   160.00000000000000        18305.983176472928     
   161.00000000000000        18478.118875093132     

   1.0000000000000000        92.135698620203485     
   2.0000000000000000        184.27139724040697     
   3.0000000000000000        276.40709586061047     
   4.0000000000000000        368.54279448081394     
   5.0000000000000000        460.67849310101741     
   6.0000000000000000        552.81419172122094     
   7.0000000000000000        644.94989034142441     
   8.0000000000000000        737.08558896162788     
   9.0000000000000000        829.22128758183135     
   10.000000000000000        921.35698620203482     
   11.000000000000000        1013.4926848222383     
   12.000000000000000        1105.6283834424419     
   13.000000000000000        1197.7640820626455     
   14.000000000000000        1289.8997806828490     
   15.000000000000000        1382.0354793030526     
   16.000000000000000        1474.1711779232562     
   17.000000000000000        1566.3068765434598     
   18.000000000000000        1658.4425751636634     
   19.000000000000000        1750.5782737838670     
   20.000000000000000        1842.7139724040705     
   21.000000000000000        1934.8496710242741     
   22.000000000000000        2026.9853696444777     
   23.000000000000000        2119.1210682646811     
   24.000000000000000        2211.2567668848847     
   25.000000000000000        2303.3924655050882     
   26.000000000000000        2395.5281641252918     
   27.000000000000000        2487.6638627454954     
   28.000000000000000        2579.7995613656990     
   29.000000000000000        2671.9352599859026     
   30.000000000000000        2764.0709586061062     
   31.000000000000000        2856.2066572263097     
   32.000000000000000        2948.3423558465133     
   33.000000000000000        3040.4780544667169     
   34.000000000000000        3132.6137530869205     
   35.000000000000000        3224.7494517071241     
   36.000000000000000        3316.8851503273277     
   37.000000000000000        3409.0208489475312     
   38.000000000000000        3501.1565475677348     
   39.000000000000000        3593.2922461879384     
   40.000000000000000        3685.4279448081420     
   41.000000000000000        3777.5636434283456     
   42.000000000000000        3869.6993420485492     
   43.000000000000000        3961.8350406687528     
   44.000000000000000        4053.9707392889563     
   45.000000000000000        4146.1064379091595     
   46.000000000000000        4238.2421365293631     
   47.000000000000000        4330.3778351495666     
   48.000000000000000        4422.5135337697702     
   49.000000000000000        4514.6492323899738     
   50.000000000000000        4606.7849310101774     
   51.000000000000000        4698.9206296303810     
   52.000000000000000        4791.0563282505846     
   53.000000000000000        4883.1920268707881     
   54.000000000000000        4975.3277254909917     
   55.000000000000000        5067.4634241111953     
   56.000000000000000        5159.5991227313989     
   57.000000000000000        5251.7348213516025     
   58.000000000000000        5343.8705199718061     
   59.000000000000000        5436.0062185920096     
   60.000000000000000        5528.1419172122132     
   61.000000000000000        5620.2776158324168     
   62.000000000000000        5712.4133144526204     
   63.000000000000000        5804.5490130728240     
   64.000000000000000        5896.6847116930276     
   65.000000000000000        5988.8204103132312     
   66.000000000000000        6203.0918075536383     
   67.000000000000000        6325.2275061738419     
   68.000000000000000        6447.3632047940455     
   69.000000000000000        6569.4989034142491     
   70.000000000000000        6691.6346020344527     
   71.000000000000000        6813.7703006546562     
   72.000000000000000        6935.9059992748598     
   73.000000000000000        7058.0416978950634     
   74.000000000000000        7180.1773965152670     
   75.000000000000000        7302.3130951354706     
   76.000000000000000        7424.4487937556742     
   77.000000000000000        7546.5844923758777     
   78.000000000000000        7668.7201909960813     
   79.000000000000000        7790.8558896162849     
   80.000000000000000        7912.9915882364885     
   81.000000000000000        8035.1272868566921     
   82.000000000000000        8157.2629854768957     
   83.000000000000000        8279.3986840970992     
   84.000000000000000        8401.5343827173019     
   85.000000000000000        8523.6700813375046     
   86.000000000000000        8645.8057799577073     
   87.000000000000000        8767.9414785779099     
   88.000000000000000        8890.0771771981126     
   89.000000000000000        9012.2128758183153     
   90.000000000000000        9134.3485744385180     
   91.000000000000000        9256.4842730587206     
   92.000000000000000        9378.6199716789233     
   93.000000000000000        9500.7556702991260     
   94.000000000000000        9622.8913689193287     
   95.000000000000000        9745.0270675395313     
   96.000000000000000        9867.1627661597340     
   97.000000000000000        9989.2984647799367     
   98.000000000000000        10111.434163400139     
   99.000000000000000        10233.569862020342     
   100.00000000000000        10355.705560640545     
   101.00000000000000        10477.841259260747     
   102.00000000000000        10599.976957880950     
   103.00000000000000        10722.112656501153     
   104.00000000000000        10844.248355121355     
   105.00000000000000        10966.384053741558     
   106.00000000000000        11088.519752361761     
   107.00000000000000        11210.655450981963     
   108.00000000000000        11332.791149602166     
   109.00000000000000        11454.926848222369     
   110.00000000000000        11577.062546842571     
   111.00000000000000        11699.198245462774     
   112.00000000000000        11821.333944082977     
   113.00000000000000        11943.469642703179     
   114.00000000000000        12065.605341323382     
   115.00000000000000        12187.741039943585     
   116.00000000000000        12309.876738563788     
   117.00000000000000        12432.012437183990     
   118.00000000000000        12554.148135804193     
   119.00000000000000        12676.283834424396     
   120.00000000000000        12798.419533044598     
   121.00000000000000        12920.555231664801     
   122.00000000000000        13042.690930285004     
   123.00000000000000        13164.826628905206     
   124.00000000000000        13286.962327525409     
   125.00000000000000        13409.098026145612     
   126.00000000000000        13531.233724765814     
   127.00000000000000        13653.369423386017     
   128.00000000000000        13775.505122006220     
   129.00000000000000        13897.640820626422     
   130.00000000000000        14019.776519246625     
   131.00000000000000        14141.912217866828     
   132.00000000000000        14264.047916487030     
   133.00000000000000        14386.183615107233     
   134.00000000000000        14508.319313727436     
   135.00000000000000        14630.455012347638     
   136.00000000000000        14752.590710967841     
   137.00000000000000        14874.726409588044     
   138.00000000000000        14996.862108208246     
   139.00000000000000        15118.997806828449     
   140.00000000000000        15241.133505448652     
   141.00000000000000        15363.269204068854     
   142.00000000000000        15485.404902689057     
   143.00000000000000        15607.540601309260     
   144.00000000000000        15729.676299929462     
   145.00000000000000        15851.811998549665     
   146.00000000000000        15973.947697169868     
   147.00000000000000        16268.219094410273     
   148.00000000000000        16440.354793030478     
   149.00000000000000        16612.490491650682     
   150.00000000000000        16784.626190270887     
   151.00000000000000        16956.761888891091     
   152.00000000000000        17128.897587511296     
   153.00000000000000        17301.033286131500     
   154.00000000000000        17473.168984751705     
   155.00000000000000        17645.304683371909     
   156.00000000000000        17817.440381992114     
   157.00000000000000        17989.576080612318     
   158.00000000000000        18161.711779232523     
   159.00000000000000        18333.847477852727     
   160.00000000000000        18505.983176472932     

   1.0000000000000000        92.135698620203485     
   2.0000000000000000        184.27139724040697     
   3.0000000000000000        276.40709586061047     
   4.0000000000000000        368.54279448081394     
   5.0000000000000000        460.67849310101741     
   6.0000000000000000        552.81419172122094     
   7.0000000000000000        644.94989034142441     
   8.0000000000000000        737.08558896162788     
   9.0000000000000000        829.22128758183135     
   10.000000000000000        921.35698620203482     
   11.000000000000000        1013.4926848222383     
   12.000000000000000        1105.6283834424419     
   13.000000000000000        1197.7640820626455     
   14.000000000000000        1289.8997806828490     
   15.000000000000000        1382.0354793030526     
   16.000000000000000        1474.1711779232562     
   17.000000000000000        1566.3068765434598     
   18.000000000000000        1658.4425751636634     
   19.000000000000000        1750.5782737838670     
   20.000000000000000        1842.7139724040705     
   21.000000000000000        1934.8496710242741     
   22.000000000000000        2026.9853696444777     
   23.000000000000000        2119.1210682646811     
   24.000000000000000        2211.2567668848847     
   25.000000000000000        2303.3924655050882     
   26.000000000000000        2395.5281641252918     
   27.000000000000000        2487.6638627454954     
   28.000000000000000        2579.7995613656990     
   29.000000000000000        2671.9352599859026     
   30.000000000000000        2764.0709586061062     
   31.000000000000000        2856.2066572263097     
   32.000000000000000        2948.3423558465133     
   33.000000000000000        3040.4780544667169     
   34.000000000000000        3132.6137530869205     
   35.000000000000000        3224.7494517071241     
   36.000000000000000        3316.8851503273277     
   37.000000000000000        3409.0208489475312     
   38.000000000000000        3501.1565475677348     
   39.000000000000000        3593.2922461879384     
   40.000000000000000        3685.4279448081420     
   41.000000000000000        3777.5636434283456     
   42.000000000000000        3869.6993420485492     
   43.000000000000000        3961.8350406687528     
   44.000000000000000        4053.9707392889563     
   45.000000000000000        4146.1064379091595     
   46.000000000000000        4238.2421365293631     
   47.000000000000000        4330.3778351495666     
   48.000000000000000        4422.5135337697702     
   49.000000000000000        4514.6492323899738     
   50.000000000000000        4606.7849310101774     
   51.000000000000000        4698.9206296303810     
   52.000000000000000        4791.0563282505846     
   53.000000000000000        4883.1920268707881     
   54.000000000000000        4975.3277254909917     
   55.000000000000000        5067.4634241111953     
   56.000000000000000        5159.5991227313989     
   57.000000000000000        5251.7348213516025     
   58.000000000000000        5343.8705199718061     
   59.000000000000000        5436.0062185920096     
   60.000000000000000        5528.1419172122132     
   61.000000000000000        5620.2776158324168     
   62.000000000000000        5712.4133144526204     
   63.000000000000000        5804.5490130728240     
   64.000000000000000        5896.6847116930276     
   65.000000000000000        5988.8204103132312     
   66.000000000000000        6203.0918075536383     
   67.000000000000000        6325.2275061738419     
   68.000000000000000        6447.3632047940455     
   69.000000000000000        6569.4989034142491     
   70.000000000000000        6691.6346020344527     
   71.000000000000000        6813.7703006546562     
   72.000000000000000        6935.9059992748598     
   73.000000000000000        7058.0416978950634     
   74.000000000000000        7180.1773965152670     
   75.000000000000000        7302.3130951354706     
   76.000000000000000        7424.4487937556742     
   77.000000000000000        7546.5844923758777     
   78.000000000000000        7668.7201909960813     
   79.000000000000000        7790.8558896162849     
   80.000000000000000        7912.9915882364885     
   81.000000000000000        8035.1272868566921     
   82.000000000000000        8157.2629854768957     
   83.000000000000000        8279.3986840970992     
   84.000000000000000        8401.5343827173019     
   85.000000000000000        8523.6700813375046     
   86.000000000000000        8645.8057799577073     
   87.000000000000000        8767.9414785779099     
   88.000000000000000        8890.0771771981126     
   89.000000000000000        9012.2128758183153     
   90.000000000000000        9134.3485744385180     
   91.000000000000000        9256.4842730587206     
   92.000000000000000        9378.6199716789233     
   93.000000000000000        9500.7556702991260     
   94.000000000000000        9622.8913689193287     
   95.000000000000000        9745.0270675395313     
   96.000000000000000        9867.1627661597340     
   97.000000000000000        9989.2984647799367     
   98.000000000000000        10111.434163400139     
   99.000000000000000        10233.569862020342     
   100.00000000000000        10355.705560640545     
   101.00000000000000        10477.841259260747     
   102.00000000000000        10599.976957880950     
   103.00000000000000        10722.112656501153     
   104.00000000000000        10844.248355121355     
   105.00000000000000        10966.384053741558     
   106.00000000000000        11088.519752361761     
   107.00000000000000        11210.655450981963     
   108.00000000000000        11332.791149602166     
   109.00000000000000        11454.926848222369     
   110.00000000000000        11577.062546842571     
   111.00000000000000        11699.198245462774     
   112.00000000000000        11821.333944082977     
   113.00000000000000        11943.469642703179     
   114.00000000000000        12065.605341323382     
   115.00000000000000        12187.741039943585     
   116.00000000000000        12309.876738563788     
   117.00000000000000        12432.012437183990     
   118.00000000000000        12554.148135804193     
   119.00000000000000        12676.283834424396     
   120.00000000000000        12798.419533044598     
   121.00000000000000        12920.555231664801     
   122.00000000000000        13042.690930285004     
   123.00000000000000        13164.826628905206     
   124.00000000000000        13286.962327525409     
   125.00000000000000        13409.098026145612     
   126.00000000000000        13531.233724765814     
   127.00000000000000        13653.369423386017     
   128.00000000000000        13775.505122006220     
   129.00000000000000        13897.640820626422     
   130.00000000000000        14019.776519246625     
   131.00000000000000        14141.912217866828     
   132.00000000000000        14264.047916487030     
   133.00000000000000        14386.183615107233     
   134.00000000000000        14508.319313727436     
   135.00000000000000        14630.455012347638     
   136.00000000000000        14752.590710967841     
   137.00000000000000        14874.726409588044     
   138.00000000000000        14996.862108208246     
   139.00000000000000        15118.997806828449     
   140.00000000000000        15241.133505448652     
   141.00000000000000        15363.269204068854     
   142.00000000000000        15485.404902689057     
   143.00000000000000        15607.540601309260     
   144.00000000000000        15729.676299929462     
   145.00000000000000        16023.947697169868     
   146.00000000000000        16196.083395790070     
   147.00000000000000        16368.219094410273     
   148.00000000000000        16540.354793030478     
   149.00000000000000        16712.490491650682     

