   1.0000000000000000        72.996586662019809     
   2.0000000000000000        145.99317332403962     
   3.0000000000000000        218.98975998605943     
   4.0000000000000000        291.98634664807923     
   5.0000000000000000        364.98293331009904     
   6.0000000000000000        437.97951997211885     
   7.0000000000000000        510.97610663413866     
   8.0000000000000000        583.97269329615847     
   9.0000000000000000        656.96927995817828     
   10.000000000000000        729.96586662019809     
   11.000000000000000        802.96245328221789     
   12.000000000000000        875.95903994423770     
   13.000000000000000        948.95562660625751     
   14.000000000000000        1021.9522132682773     
   15.000000000000000        1094.9487999302971     
   16.000000000000000        1167.9453865923169     
   17.000000000000000        1240.9419732543367     
   18.000000000000000        1313.9385599163566     
   19.000000000000000        1386.9351465783764     
   20.000000000000000        1459.9317332403962     
   21.000000000000000        1532.9283199024160     
   22.000000000000000        1605.9249065644358     
   23.000000000000000        1678.9214932264556     
   24.000000000000000        1751.9180798884754     
   25.000000000000000        1824.9146665504952     
   26.000000000000000        1897.9112532125150     
   27.000000000000000        1970.9078398745348     
   28.000000000000000        2043.9044265365546     
   29.000000000000000        2116.9010131985742     
   30.000000000000000        2189.8975998605938     
   31.000000000000000        2262.8941865226134     
   32.000000000000000        2335.8907731846330     
   33.000000000000000        2408.8873598466525     
   34.000000000000000        2481.8839465086721     
   35.000000000000000        2554.8805331706917     
   36.000000000000000        2627.8771198327113     
   37.000000000000000        2700.8737064947309     
   38.000000000000000        2773.8702931567504     
   39.000000000000000        2846.8668798187700     
   40.000000000000000        2919.8634664807896     
   41.000000000000000        2992.8600531428092     
   42.000000000000000        3065.8566398048288     
   43.000000000000000        3138.8532264668484     
   44.000000000000000        3211.8498131288679     
   45.000000000000000        3284.8463997908875     
   46.000000000000000        3357.8429864529071     
   47.000000000000000        3430.8395731149267     
   48.000000000000000        3503.8361597769463     
   49.000000000000000        3576.8327464389658     
   50.000000000000000        3649.8293331009854     
   51.000000000000000        3722.8259197630050     
   52.000000000000000        3795.8225064250246     
   53.000000000000000        3868.8190930870442     
   54.000000000000000        3941.8156797490637     
   55.000000000000000        4014.8122664110833     
   56.000000000000000        4087.8088530731029     
   57.000000000000000        4160.8054397351225     
   58.000000000000000        4233.8020263971421     
   59.000000000000000        4306.7986130591617     
   60.000000000000000        4379.7951997211812     
   61.000000000000000        4452.7917863832008     
   62.000000000000000        4525.7883730452204     
   63.000000000000000        4598.7849597072400     
   64.000000000000000        4671.7815463692596     
   65.000000000000000        4847.7747196932987     
   66.000000000000000        4950.7713063553183     
   67.000000000000000        5053.7678930173379     
   68.000000000000000        5156.7644796793575     
   69.000000000000000        5259.7610663413770     
   70.000000000000000        5362.7576530033966     
   71.000000000000000        5465.7542396654162     
   72.000000000000000        5568.7508263274358     
   73.000000000000000        5671.7474129894554     
   74.000000000000000        5774.7439996514750     
   75.000000000000000        5877.7405863134945     
   76.000000000000000        5980.7371729755141     
   77.000000000000000        6083.7337596375337     
   78.000000000000000        6186.7303462995533     
   79.000000000000000        6289.7269329615729     
   80.000000000000000        6392.7235196235924     
   81.000000000000000        6495.7201062856120     
   82.000000000000000        6598.7166929476316     
   83.000000000000000        6701.7132796096512     
   84.000000000000000        6804.7098662716708     
   85.000000000000000        6907.7064529336903     
   86.000000000000000        7010.7030395957099     
   87.000000000000000        7113.6996262577295     
   88.000000000000000        7216.6962129197491     
   89.000000000000000        7319.6927995817687     
   90.000000000000000        7422.6893862437882     
   91.000000000000000        7525.6859729058078     
   92.000000000000000        7628.6825595678274     
   93.000000000000000        7731.6791462298470     
   94.000000000000000        7834.6757328918666     
   95.000000000000000        7937.6723195538862     
   96.000000000000000        8040.6689062159057     
   97.000000000000000        8143.6654928779253     
   98.000000000000000        8246.6620795399449     
   99.000000000000000        8349.6586662019654     
   100.00000000000000        8452.6552528639859     
   101.00000000000000        8555.6518395260064     
   102.00000000000000        8658.6484261880269     
   103.00000000000000        8761.6450128500474     
   104.00000000000000        8864.6415995120678     
   105.00000000000000        8967.6381861740883     
   106.00000000000000        9070.6347728361088     
   107.00000000000000        9173.6313594981293     
   108.00000000000000        9276.6279461601498     
   109.00000000000000        9379.6245328221703     
   110.00000000000000        9482.6211194841908     
   111.00000000000000        9585.6177061462113     
   112.00000000000000        9688.6142928082318     
   113.00000000000000        9791.6108794702523     
   114.00000000000000        9894.6074661322727     
   115.00000000000000        9997.6040527942932     
   116.00000000000000        10100.600639456314     
   117.00000000000000        10203.597226118334     
   118.00000000000000        10306.593812780355     
   119.00000000000000        10409.590399442375     
   120.00000000000000        10512.586986104396     
   121.00000000000000        10615.583572766416     
   122.00000000000000        10718.580159428437     
   123.00000000000000        10821.576746090457     
   124.00000000000000        10924.573332752478     
   125.00000000000000        11027.569919414498     
   126.00000000000000        11130.566506076519     
   127.00000000000000        11233.563092738539     
   128.00000000000000        11336.559679400560     
   129.00000000000000        11439.556266062580     
   130.00000000000000        11542.552852724601     
   131.00000000000000        11645.549439386621     
   132.00000000000000        11748.546026048642     
   133.00000000000000        11851.542612710662     
   134.00000000000000        12107.535786034703     
   135.00000000000000        12260.532372696724     
   136.00000000000000        12413.528959358744     
   137.00000000000000        12566.525546020765     
   138.00000000000000        12719.522132682785     
   139.00000000000000        12872.518719344806     
   140.00000000000000        13025.515306006826     
   141.00000000000000        13178.511892668846     
   142.00000000000000        13331.508479330867     
   143.00000000000000        13484.505065992887     
   144.00000000000000        13637.501652654908     
   145.00000000000000        13790.498239316928     
   146.00000000000000        13943.494825978949     
   147.00000000000000        14096.491412640969     
   148.00000000000000        14249.487999302990     

   1.0000000000000000        72.996586662019809     
   2.0000000000000000        145.99317332403962     
   3.0000000000000000        218.98975998605943     
   4.0000000000000000        291.98634664807923     
   5.0000000000000000        364.98293331009904     
   6.0000000000000000        437.97951997211885     
   7.0000000000000000        510.97610663413866     
   8.0000000000000000        583.97269329615847     
   9.0000000000000000        656.96927995817828     
   10.000000000000000        729.96586662019809     
   11.000000000000000        802.96245328221789     
   12.000000000000000        875.95903994423770     
   13.000000000000000        948.95562660625751     
   14.000000000000000        1021.9522132682773     
   15.000000000000000        1094.9487999302971     
   16.000000000000000        1167.9453865923169     
   17.000000000000000        1240.9419732543367     
   18.000000000000000        1313.9385599163566     
   19.000000000000000        1386.9351465783764     
   20.000000000000000        1459.9317332403962     
   21.000000000000000        1532.9283199024160     
   22.000000000000000        1605.9249065644358     
   23.000000000000000        1678.9214932264556     
   24.000000000000000        1751.9180798884754     
   25.000000000000000        1824.9146665504952     
   26.000000000000000        1897.9112532125150     
   27.000000000000000        1970.9078398745348     
   28.000000000000000        2043.9044265365546     
   29.000000000000000        2116.9010131985742     
   30.000000000000000        2189.8975998605938     
   31.000000000000000        2262.8941865226134     
   32.000000000000000        2335.8907731846330     
   33.000000000000000        2408.8873598466525     
   34.000000000000000        2481.8839465086721     
   35.000000000000000        2554.8805331706917     
   36.000000000000000        2627.8771198327113     
   37.000000000000000        2700.8737064947309     
   38.000000000000000        2773.8702931567504     
   39.000000000000000        2846.8668798187700     
   40.000000000000000        2919.8634664807896     
   41.000000000000000        2992.8600531428092     
   42.000000000000000        3065.8566398048288     
   43.000000000000000        3138.8532264668484     
   44.000000000000000        3211.8498131288679     
   45.000000000000000        3284.8463997908875     
   46.000000000000000        3357.8429864529071     
   47.000000000000000        3430.8395731149267     
   48.000000000000000        3503.8361597769463     
   49.000000000000000        3576.8327464389658     
   50.000000000000000        3649.8293331009854     
   51.000000000000000        3722.8259197630050     
   52.000000000000000        3795.8225064250246     
   53.000000000000000        3868.8190930870442     
   54.000000000000000        3941.8156797490637     
   55.000000000000000        4014.8122664110833     
   56.000000000000000        4087.8088530731029     
   57.000000000000000        4160.8054397351225     
   58.000000000000000        4233.8020263971421     
   59.000000000000000        4306.7986130591617     
   60.000000000000000        4379.7951997211812     
   61.000000000000000        4452.7917863832008     
   62.000000000000000        4525.7883730452204     
   63.000000000000000        4598.7849597072400     
   64.000000000000000        4671.7815463692596     
   65.000000000000000        4847.7747196932987     
   66.000000000000000        4950.7713063553183     
   67.000000000000000        5053.7678930173379     
   68.000000000000000        5156.7644796793575     
   69.000000000000000        5259.7610663413770     
   70.000000000000000        5362.7576530033966     
   71.000000000000000        5465.7542396654162     
   72.000000000000000        5568.7508263274358     
   73.000000000000000        5671.7474129894554     
   74.000000000000000        5774.7439996514750     
   75.000000000000000        5877.7405863134945     
   76.000000000000000        5980.7371729755141     
   77.000000000000000        6083.7337596375337     
   78.000000000000000        6186.7303462995533     
   79.000000000000000        6289.7269329615729     
   80.000000000000000        6392.7235196235924     
   81.000000000000000        6495.7201062856120     
   82.000000000000000        6598.7166929476316     
   83.000000000000000        6701.7132796096512     
   84.000000000000000        6804.7098662716708     
   85.000000000000000        6907.7064529336903     
   86.000000000000000        7010.7030395957099     
   87.000000000000000        7113.6996262577295     
   88.000000000000000        7216.6962129197491     
   89.000000000000000        7319.6927995817687     
   90.000000000000000        7422.6893862437882     
   91.000000000000000        7525.6859729058078     
   92.000000000000000        7628.6825595678274     
   93.000000000000000        7731.6791462298470     
   94.000000000000000        7834.6757328918666     
   95.000000000000000        7937.6723195538862     
   96.000000000000000        8040.6689062159057     
   97.000000000000000        8143.6654928779253     
   98.000000000000000        8246.6620795399449     
   99.000000000000000        8349.6586662019654     
   100.00000000000000        8452.6552528639859     
   101.00000000000000        8555.6518395260064     
   102.00000000000000        8658.6484261880269     
   103.00000000000000        8761.6450128500474     
   104.00000000000000        8864.6415995120678     
   105.00000000000000        8967.6381861740883     
   106.00000000000000        9070.6347728361088     
   107.00000000000000        9173.6313594981293     
   108.00000000000000        9276.6279461601498     
   109.00000000000000        9379.6245328221703     
   110.00000000000000        9482.6211194841908     
   111.00000000000000        9585.6177061462113     
   112.00000000000000        9688.6142928082318     
   113.00000000000000        9791.6108794702523     
   114.00000000000000        9894.6074661322727     
   115.00000000000000        9997.6040527942932     
   116.00000000000000        10100.600639456314     
   117.00000000000000        10203.597226118334     
   118.00000000000000        10306.593812780355     
   119.00000000000000        10409.590399442375     
   120.00000000000000        10512.586986104396     
   121.00000000000000        10615.583572766416     
   122.00000000000000        10718.580159428437     
   123.00000000000000        10821.576746090457     
   124.00000000000000        10924.573332752478     
   125.00000000000000        11027.569919414498     
   126.00000000000000        11130.566506076519     
   127.00000000000000        11233.563092738539     
   128.00000000000000        11336.559679400560     
   129.00000000000000        11439.556266062580     
   130.00000000000000        11542.552852724601     
   131.00000000000000        11645.549439386621     
   132.00000000000000        11748.546026048642     
   133.00000000000000        11851.542612710662     
   134.00000000000000        11954.539199372683     
   135.00000000000000        12057.535786034703     
   136.00000000000000        12160.532372696724     
   137.00000000000000        12263.528959358744     
   138.00000000000000        12366.525546020765     
   139.00000000000000        12469.522132682785     
   140.00000000000000        12725.515306006826     
   141.00000000000000        12878.511892668846     
   142.00000000000000        13031.508479330867     
   143.00000000000000        13184.505065992887     
   144.00000000000000        13337.501652654908     
   145.00000000000000        13490.498239316928     
   146.00000000000000        13643.494825978949     
   147.00000000000000        13796.491412640969     
   148.00000000000000        13949.487999302990     
   149.00000000000000        14102.484585965010     
   150.00000000000000        14255.481172627031     
   151.00000000000000        14408.477759289051     
   152.00000000000000        14561.474345951072     

   1.0000000000000000        72.996586662019809     
   2.0000000000000000        145.99317332403962     
   3.0000000000000000        218.98975998605943     
   4.0000000000000000        291.98634664807923     
   5.0000000000000000        364.98293331009904     
   6.0000000000000000        437.97951997211885     
   7.0000000000000000        510.97610663413866     
   8.0000000000000000        583.97269329615847     
   9.0000000000000000        656.96927995817828     
   10.000000000000000        729.96586662019809     
   11.000000000000000        802.96245328221789     
   12.000000000000000        875.95903994423770     
   13.000000000000000        948.95562660625751     
   14.000000000000000        1021.9522132682773     
   15.000000000000000        1094.9487999302971     
   16.000000000000000        1167.9453865923169     
   17.000000000000000        1240.9419732543367     
   18.000000000000000        1313.9385599163566     
   19.000000000000000        1386.9351465783764     
   20.000000000000000        1459.9317332403962     
   21.000000000000000        1532.9283199024160     
   22.000000000000000        1605.9249065644358     
   23.000000000000000        1678.9214932264556     
   24.000000000000000        1751.9180798884754     
   25.000000000000000        1824.9146665504952     
   26.000000000000000        1897.9112532125150     
   27.000000000000000        1970.9078398745348     
   28.000000000000000        2043.9044265365546     
   29.000000000000000        2116.9010131985742     
   30.000000000000000        2189.8975998605938     
   31.000000000000000        2262.8941865226134     
   32.000000000000000        2335.8907731846330     
   33.000000000000000        2408.8873598466525     
   34.000000000000000        2481.8839465086721     
   35.000000000000000        2554.8805331706917     
   36.000000000000000        2627.8771198327113     
   37.000000000000000        2700.8737064947309     
   38.000000000000000        2773.8702931567504     
   39.000000000000000        2846.8668798187700     
   40.000000000000000        2919.8634664807896     
   41.000000000000000        2992.8600531428092     
   42.000000000000000        3065.8566398048288     
   43.000000000000000        3138.8532264668484     
   44.000000000000000        3211.8498131288679     
   45.000000000000000        3284.8463997908875     
   46.000000000000000        3357.8429864529071     
   47.000000000000000        3430.8395731149267     
   48.000000000000000        3503.8361597769463     
   49.000000000000000        3576.8327464389658     
   50.000000000000000        3649.8293331009854     
   51.000000000000000        3722.8259197630050     
   52.000000000000000        3795.8225064250246     
   53.000000000000000        3868.8190930870442     
   54.000000000000000        3941.8156797490637     
   55.000000000000000        4014.8122664110833     
   56.000000000000000        4087.8088530731029     
   57.000000000000000        4160.8054397351225     
   58.000000000000000        4233.8020263971421     
   59.000000000000000        4306.7986130591617     
   60.000000000000000        4379.7951997211812     
   61.000000000000000        4452.7917863832008     
   62.000000000000000        4525.7883730452204     
   63.000000000000000        4598.7849597072400     
   64.000000000000000        4671.7815463692596     
   65.000000000000000        4847.7747196932987     
   66.000000000000000        4950.7713063553183     
   67.000000000000000        5053.7678930173379     
   68.000000000000000        5156.7644796793575     
   69.000000000000000        5259.7610663413770     
   70.000000000000000        5362.7576530033966     
   71.000000000000000        5465.7542396654162     
   72.000000000000000        5568.7508263274358     
   73.000000000000000        5671.7474129894554     
   74.000000000000000        5774.7439996514750     
   75.000000000000000        5877.7405863134945     
   76.000000000000000        5980.7371729755141     
   77.000000000000000        6083.7337596375337     
   78.000000000000000        6186.7303462995533     
   79.000000000000000        6289.7269329615729     
   80.000000000000000        6392.7235196235924     
   81.000000000000000        6495.7201062856120     
   82.000000000000000        6598.7166929476316     
   83.000000000000000        6701.7132796096512     
   84.000000000000000        6804.7098662716708     
   85.000000000000000        6907.7064529336903     
   86.000000000000000        7010.7030395957099     
   87.000000000000000        7113.6996262577295     
   88.000000000000000        7216.6962129197491     
   89.000000000000000        7319.6927995817687     
   90.000000000000000        7422.6893862437882     
   91.000000000000000        7525.6859729058078     
   92.000000000000000        7628.6825595678274     
   93.000000000000000        7731.6791462298470     
   94.000000000000000        7834.6757328918666     
   95.000000000000000        7937.6723195538862     
   96.000000000000000        8040.6689062159057     
   97.000000000000000        8143.6654928779253     
   98.000000000000000        8246.6620795399449     
   99.000000000000000        8349.6586662019654     
   100.00000000000000        8452.6552528639859     
   101.00000000000000        8555.6518395260064     
   102.00000000000000        8658.6484261880269     
   103.00000000000000        8761.6450128500474     
   104.00000000000000        8864.6415995120678     
   105.00000000000000        8967.6381861740883     
   106.00000000000000        9070.6347728361088     
   107.00000000000000        9173.6313594981293     
   108.00000000000000        9276.6279461601498     
   109.00000000000000        9379.6245328221703     
   110.00000000000000        9482.6211194841908     
   111.00000000000000        9585.6177061462113     
   112.00000000000000        9688.6142928082318     
   113.00000000000000        9791.6108794702523     
   114.00000000000000        9894.6074661322727     
   115.00000000000000        9997.6040527942932     
   116.00000000000000        10100.600639456314     
   117.00000000000000        10203.597226118334     
   118.00000000000000        10306.593812780355     
   119.00000000000000        10409.590399442375     
   120.00000000000000        10512.586986104396     
   121.00000000000000        10615.583572766416     
   122.00000000000000        10718.580159428437     
   123.00000000000000        10821.576746090457     
   124.00000000000000        10924.573332752478     
   125.00000000000000        11027.569919414498     
   126.00000000000000        11130.566506076519     
   127.00000000000000        11233.563092738539     
   128.00000000000000        11336.559679400560     
   129.00000000000000        11439.556266062580     
   130.00000000000000        11542.552852724601     
   131.00000000000000        11645.549439386621     
   132.00000000000000        11748.546026048642     
   133.00000000000000        11851.542612710662     
   134.00000000000000        11954.539199372683     
   135.00000000000000        12057.535786034703     
   136.00000000000000        12160.532372696724     
   137.00000000000000        12416.525546020765     
   138.00000000000000        12569.522132682785     
   139.00000000000000        12722.518719344806     
   140.00000000000000        12875.515306006826     
   141.00000000000000        13028.511892668846     
   142.00000000000000        13181.508479330867     
   143.00000000000000        13334.505065992887     
   144.00000000000000        13487.501652654908     
   145.00000000000000        13640.498239316928     
   146.00000000000000        13793.494825978949     
   147.00000000000000        13946.491412640969     
   148.00000000000000        14099.487999302990     
   149.00000000000000        14252.484585965010     
   150.00000000000000        14405.481172627031     
   151.00000000000000        14558.477759289051     
   152.00000000000000        14711.474345951072     
   153.00000000000000        14864.470932613092     
   154.00000000000000        15017.467519275113     
   155.00000000000000        15170.464105937133     

   1.0000000000000000        72.996586662019809     
   2.0000000000000000        145.99317332403962     
   3.0000000000000000        218.98975998605943     
   4.0000000000000000        291.98634664807923     
   5.0000000000000000        364.98293331009904     
   6.0000000000000000        437.97951997211885     
   7.0000000000000000        510.97610663413866     
   8.0000000000000000        583.97269329615847     
   9.0000000000000000        656.96927995817828     
   10.000000000000000        729.96586662019809     
   11.000000000000000        802.96245328221789     
   12.000000000000000        875.95903994423770     
   13.000000000000000        948.95562660625751     
   14.000000000000000        1021.9522132682773     
   15.000000000000000        1094.9487999302971     
   16.000000000000000        1167.9453865923169     
   17.000000000000000        1240.9419732543367     
   18.000000000000000        1313.9385599163566     
   19.000000000000000        1386.9351465783764     
   20.000000000000000        1459.9317332403962     
   21.000000000000000        1532.9283199024160     
   22.000000000000000        1605.9249065644358     
   23.000000000000000        1678.9214932264556     
   24.000000000000000        1751.9180798884754     
   25.000000000000000        1824.9146665504952     
   26.000000000000000        1897.9112532125150     
   27.000000000000000        1970.9078398745348     
   28.000000000000000        2043.9044265365546     
   29.000000000000000        2116.9010131985742     
   30.000000000000000        2189.8975998605938     
   31.000000000000000        2262.8941865226134     
   32.000000000000000        2335.8907731846330     
   33.000000000000000        2408.8873598466525     
   34.000000000000000        2481.8839465086721     
   35.000000000000000        2554.8805331706917     
   36.000000000000000        2627.8771198327113     
   37.000000000000000        2700.8737064947309     
   38.000000000000000        2773.8702931567504     
   39.000000000000000        2846.8668798187700     
   40.000000000000000        2919.8634664807896     
   41.000000000000000        2992.8600531428092     
   42.000000000000000        3065.8566398048288     
   43.000000000000000        3138.8532264668484     
   44.000000000000000        3211.8498131288679     
   45.000000000000000        3284.8463997908875     
   46.000000000000000        3357.8429864529071     
   47.000000000000000        3430.8395731149267     
   48.000000000000000        3503.8361597769463     
   49.000000000000000        3576.8327464389658     
   50.000000000000000        3649.8293331009854     
   51.000000000000000        3722.8259197630050     
   52.000000000000000        3795.8225064250246     
   53.000000000000000        3868.8190930870442     
   54.000000000000000        3941.8156797490637     
   55.000000000000000        4014.8122664110833     
   56.000000000000000        4087.8088530731029     
   57.000000000000000        4160.8054397351225     
   58.000000000000000        4233.8020263971421     
   59.000000000000000        4306.7986130591617     
   60.000000000000000        4379.7951997211812     
   61.000000000000000        4452.7917863832008     
   62.000000000000000        4525.7883730452204     
   63.000000000000000        4598.7849597072400     
   64.000000000000000        4671.7815463692596     
   65.000000000000000        4847.7747196932987     
   66.000000000000000        4950.7713063553183     
   67.000000000000000        5053.7678930173379     
   68.000000000000000        5156.7644796793575     
   69.000000000000000        5259.7610663413770     
   70.000000000000000        5362.7576530033966     
   71.000000000000000        5465.7542396654162     
   72.000000000000000        5568.7508263274358     
   73.000000000000000        5671.7474129894554     
   74.000000000000000        5774.7439996514750     
   75.000000000000000        5877.7405863134945     
   76.000000000000000        5980.7371729755141     
   77.000000000000000        6083.7337596375337     
   78.000000000000000        6186.7303462995533     
   79.000000000000000        6289.7269329615729     
   80.000000000000000        6392.7235196235924     
   81.000000000000000        6495.7201062856120     
   82.000000000000000        6598.7166929476316     
   83.000000000000000        6701.7132796096512     
   84.000000000000000        6804.7098662716708     
   85.000000000000000        6907.7064529336903     
   86.000000000000000        7010.7030395957099     
   87.000000000000000        7113.6996262577295     
   88.000000000000000        7216.6962129197491     
   89.000000000000000        7319.6927995817687     
   90.000000000000000        7422.6893862437882     
   91.000000000000000        7525.6859729058078     
   92.000000000000000        7628.6825595678274     
   93.000000000000000        7731.6791462298470     
   94.000000000000000        7834.6757328918666     
   95.000000000000000        7937.6723195538862     
   96.000000000000000        8040.6689062159057     
   97.000000000000000        8143.6654928779253     
   98.000000000000000        8246.6620795399449     
   99.000000000000000        8349.6586662019654     
   100.00000000000000        8452.6552528639859     
   101.00000000000000        8555.6518395260064     
   102.00000000000000        8658.6484261880269     
   103.00000000000000        8761.6450128500474     
   104.00000000000000        8864.6415995120678     
   105.00000000000000        8967.6381861740883     
   106.00000000000000        9070.6347728361088     
   107.00000000000000        9173.6313594981293     
   108.00000000000000        9276.6279461601498     
   109.00000000000000        9379.6245328221703     
   110.00000000000000        9482.6211194841908     
   111.00000000000000        9585.6177061462113     
   112.00000000000000        9688.6142928082318     
   113.00000000000000        9791.6108794702523     
   114.00000000000000        9894.6074661322727     
   115.00000000000000        9997.6040527942932     
   116.00000000000000        10100.600639456314     
   117.00000000000000        10203.597226118334     
   118.00000000000000        10306.593812780355     
   119.00000000000000        10409.590399442375     
   120.00000000000000        10512.586986104396     
   121.00000000000000        10615.583572766416     
   122.00000000000000        10718.580159428437     
   123.00000000000000        10821.576746090457     
   124.00000000000000        10924.573332752478     
   125.00000000000000        11027.569919414498     
   126.00000000000000        11130.566506076519     
   127.00000000000000        11233.563092738539     
   128.00000000000000        11336.559679400560     
   129.00000000000000        11439.556266062580     
   130.00000000000000        11542.552852724601     
   131.00000000000000        11645.549439386621     
   132.00000000000000        11748.546026048642     
   133.00000000000000        11851.542612710662     
   134.00000000000000        11954.539199372683     
   135.00000000000000        12057.535786034703     
   136.00000000000000        12160.532372696724     
   137.00000000000000        12263.528959358744     
   138.00000000000000        12366.525546020765     
   139.00000000000000        12469.522132682785     
   140.00000000000000        12572.518719344806     
   141.00000000000000        12675.515306006826     
   142.00000000000000        12778.511892668846     
   143.00000000000000        12881.508479330867     
   144.00000000000000        12984.505065992887     
   145.00000000000000        13087.501652654908     
   146.00000000000000        13190.498239316928     
   147.00000000000000        13293.494825978949     
   148.00000000000000        13396.491412640969     
   149.00000000000000        13499.487999302990     
   150.00000000000000        13602.484585965010     
   151.00000000000000        13858.477759289051     
   152.00000000000000        14011.474345951072     
   153.00000000000000        14164.470932613092     
   154.00000000000000        14317.467519275113     
   155.00000000000000        14470.464105937133     
   156.00000000000000        14623.460692599154     
   157.00000000000000        14776.457279261174     
   158.00000000000000        14929.453865923195     
   159.00000000000000        15082.450452585215     
   160.00000000000000        15235.447039247236     
   161.00000000000000        15388.443625909256     

   1.0000000000000000        72.996586662019809     
   2.0000000000000000        145.99317332403962     
   3.0000000000000000        218.98975998605943     
   4.0000000000000000        291.98634664807923     
   5.0000000000000000        364.98293331009904     
   6.0000000000000000        437.97951997211885     
   7.0000000000000000        510.97610663413866     
   8.0000000000000000        583.97269329615847     
   9.0000000000000000        656.96927995817828     
   10.000000000000000        729.96586662019809     
   11.000000000000000        802.96245328221789     
   12.000000000000000        875.95903994423770     
   13.000000000000000        948.95562660625751     
   14.000000000000000        1021.9522132682773     
   15.000000000000000        1094.9487999302971     
   16.000000000000000        1167.9453865923169     
   17.000000000000000        1240.9419732543367     
   18.000000000000000        1313.9385599163566     
   19.000000000000000        1386.9351465783764     
   20.000000000000000        1459.9317332403962     
   21.000000000000000        1532.9283199024160     
   22.000000000000000        1605.9249065644358     
   23.000000000000000        1678.9214932264556     
   24.000000000000000        1751.9180798884754     
   25.000000000000000        1824.9146665504952     
   26.000000000000000        1897.9112532125150     
   27.000000000000000        1970.9078398745348     
   28.000000000000000        2043.9044265365546     
   29.000000000000000        2116.9010131985742     
   30.000000000000000        2189.8975998605938     
   31.000000000000000        2262.8941865226134     
   32.000000000000000        2335.8907731846330     
   33.000000000000000        2408.8873598466525     
   34.000000000000000        2481.8839465086721     
   35.000000000000000        2554.8805331706917     
   36.000000000000000        2627.8771198327113     
   37.000000000000000        2700.8737064947309     
   38.000000000000000        2773.8702931567504     
   39.000000000000000        2846.8668798187700     
   40.000000000000000        2919.8634664807896     
   41.000000000000000        2992.8600531428092     
   42.000000000000000        3065.8566398048288     
   43.000000000000000        3138.8532264668484     
   44.000000000000000        3211.8498131288679     
   45.000000000000000        3284.8463997908875     
   46.000000000000000        3357.8429864529071     
   47.000000000000000        3430.8395731149267     
   48.000000000000000        3503.8361597769463     
   49.000000000000000        3576.8327464389658     
   50.000000000000000        3649.8293331009854     
   51.000000000000000        3722.8259197630050     
   52.000000000000000        3795.8225064250246     
   53.000000000000000        3868.8190930870442     
   54.000000000000000        3941.8156797490637     
   55.000000000000000        4014.8122664110833     
   56.000000000000000        4087.8088530731029     
   57.000000000000000        4160.8054397351225     
   58.000000000000000        4233.8020263971421     
   59.000000000000000        4306.7986130591617     
   60.000000000000000        4379.7951997211812     
   61.000000000000000        4452.7917863832008     
   62.000000000000000        4525.7883730452204     
   63.000000000000000        4598.7849597072400     
   64.000000000000000        4671.7815463692596     
   65.000000000000000        4847.7747196932987     
   66.000000000000000        4950.7713063553183     
   67.000000000000000        5053.7678930173379     
   68.000000000000000        5156.7644796793575     
   69.000000000000000        5259.7610663413770     
   70.000000000000000        5362.7576530033966     
   71.000000000000000        5465.7542396654162     
   72.000000000000000        5568.7508263274358     
   73.000000000000000        5671.7474129894554     
   74.000000000000000        5774.7439996514750     
   75.000000000000000        5877.7405863134945     
   76.000000000000000        5980.7371729755141     
   77.000000000000000        6083.7337596375337     
   78.000000000000000        6186.7303462995533     
   79.000000000000000        6289.7269329615729     
   80.000000000000000        6392.7235196235924     
   81.000000000000000        6495.7201062856120     
   82.000000000000000        6598.7166929476316     
   83.000000000000000        6701.7132796096512     
   84.000000000000000        6804.7098662716708     
   85.000000000000000        6907.7064529336903     
   86.000000000000000        7010.7030395957099     
   87.000000000000000        7113.6996262577295     
   88.000000000000000        7216.6962129197491     
   89.000000000000000        7319.6927995817687     
   90.000000000000000        7422.6893862437882     
   91.000000000000000        7525.6859729058078     
   92.000000000000000        7628.6825595678274     
   93.000000000000000        7731.6791462298470     
   94.000000000000000        7834.6757328918666     
   95.000000000000000        7937.6723195538862     
   96.000000000000000        8040.6689062159057     
   97.000000000000000        8143.6654928779253     
   98.000000000000000        8246.6620795399449     
   99.000000000000000        8349.6586662019654     
   100.00000000000000        8452.6552528639859     
   101.00000000000000        8555.6518395260064     
   102.00000000000000        8658.6484261880269     
   103.00000000000000        8761.6450128500474     
   104.00000000000000        8864.6415995120678     
   105.00000000000000        8967.6381861740883     
   106.00000000000000        9070.6347728361088     
   107.00000000000000        9173.6313594981293     
   108.00000000000000        9276.6279461601498     
   109.00000000000000        9379.6245328221703     
   110.00000000000000        9482.6211194841908     
   111.00000000000000        9585.6177061462113     
   112.00000000000000        9688.6142928082318     
   113.00000000000000        9791.6108794702523     
   114.00000000000000        9894.6074661322727     
   115.00000000000000        9997.6040527942932     
   116.00000000000000        10100.600639456314     
   117.00000000000000        10203.597226118334     
   118.00000000000000        10306.593812780355     
   119.00000000000000        10409.590399442375     
   120.00000000000000        10512.586986104396     
   121.00000000000000        10615.583572766416     
   122.00000000000000        10718.580159428437     
   123.00000000000000        10821.576746090457     
   124.00000000000000        10924.573332752478     
   125.00000000000000        11027.569919414498     
   126.00000000000000        11130.566506076519     
   127.00000000000000        11233.563092738539     
   128.00000000000000        11336.559679400560     
   129.00000000000000        11439.556266062580     
   130.00000000000000        11542.552852724601     
   131.00000000000000        11645.549439386621     
   132.00000000000000        11748.546026048642     
   133.00000000000000        11851.542612710662     
   134.00000000000000        11954.539199372683     
   135.00000000000000        12057.535786034703     
   136.00000000000000        12160.532372696724     
   137.00000000000000        12263.528959358744     
   138.00000000000000        12366.525546020765     
   139.00000000000000        12469.522132682785     
   140.00000000000000        12572.518719344806     
   141.00000000000000        12675.515306006826     
   142.00000000000000        12778.511892668846     
   143.00000000000000        12881.508479330867     
   144.00000000000000        12984.505065992887     
   145.00000000000000        13087.501652654908     
   146.00000000000000        13190.498239316928     
   147.00000000000000        13293.494825978949     
   148.00000000000000        13396.491412640969     
   149.00000000000000        13499.487999302990     
   150.00000000000000        13602.484585965010     
   151.00000000000000        13858.477759289051     
   152.00000000000000        14011.474345951072     
   153.00000000000000        14164.470932613092     
   154.00000000000000        14317.467519275113     
   155.00000000000000        14470.464105937133     
   156.00000000000000        14623.460692599154     
   157.00000000000000        14776.457279261174     
   158.00000000000000        14929.453865923195     
   159.00000000000000        15082.450452585215     
   160.00000000000000        15235.447039247236     
   161.00000000000000        15388.443625909256     

   1.0000000000000000        72.996586662019809     
   2.0000000000000000        145.99317332403962     
   3.0000000000000000        218.98975998605943     
   4.0000000000000000        291.98634664807923     
   5.0000000000000000        364.98293331009904     
   6.0000000000000000        437.97951997211885     
   7.0000000000000000        510.97610663413866     
   8.0000000000000000        583.97269329615847     
   9.0000000000000000        656.96927995817828     
   10.000000000000000        729.96586662019809     
   11.000000000000000        802.96245328221789     
   12.000000000000000        875.95903994423770     
   13.000000000000000        948.95562660625751     
   14.000000000000000        1021.9522132682773     
   15.000000000000000        1094.9487999302971     
   16.000000000000000        1167.9453865923169     
   17.000000000000000        1240.9419732543367     
   18.000000000000000        1313.9385599163566     
   19.000000000000000        1386.9351465783764     
   20.000000000000000        1459.9317332403962     
   21.000000000000000        1532.9283199024160     
   22.000000000000000        1605.9249065644358     
   23.000000000000000        1678.9214932264556     
   24.000000000000000        1751.9180798884754     
   25.000000000000000        1824.9146665504952     
   26.000000000000000        1897.9112532125150     
   27.000000000000000        1970.9078398745348     
   28.000000000000000        2043.9044265365546     
   29.000000000000000        2116.9010131985742     
   30.000000000000000        2189.8975998605938     
   31.000000000000000        2262.8941865226134     
   32.000000000000000        2335.8907731846330     
   33.000000000000000        2408.8873598466525     
   34.000000000000000        2481.8839465086721     
   35.000000000000000        2554.8805331706917     
   36.000000000000000        2627.8771198327113     
   37.000000000000000        2700.8737064947309     
   38.000000000000000        2773.8702931567504     
   39.000000000000000        2846.8668798187700     
   40.000000000000000        2919.8634664807896     
   41.000000000000000        2992.8600531428092     
   42.000000000000000        3065.8566398048288     
   43.000000000000000        3138.8532264668484     
   44.000000000000000        3211.8498131288679     
   45.000000000000000        3284.8463997908875     
   46.000000000000000        3357.8429864529071     
   47.000000000000000        3430.8395731149267     
   48.000000000000000        3503.8361597769463     
   49.000000000000000        3576.8327464389658     
   50.000000000000000        3649.8293331009854     
   51.000000000000000        3722.8259197630050     
   52.000000000000000        3795.8225064250246     
   53.000000000000000        3868.8190930870442     
   54.000000000000000        3941.8156797490637     
   55.000000000000000        4014.8122664110833     
   56.000000000000000        4087.8088530731029     
   57.000000000000000        4160.8054397351225     
   58.000000000000000        4233.8020263971421     
   59.000000000000000        4306.7986130591617     
   60.000000000000000        4379.7951997211812     
   61.000000000000000        4452.7917863832008     
   62.000000000000000        4525.7883730452204     
   63.000000000000000        4598.7849597072400     
   64.000000000000000        4671.7815463692596     
   65.000000000000000        4847.7747196932987     
   66.000000000000000        4950.7713063553183     
   67.000000000000000        5053.7678930173379     
   68.000000000000000        5156.7644796793575     
   69.000000000000000        5259.7610663413770     
   70.000000000000000        5362.7576530033966     
   71.000000000000000        5465.7542396654162     
   72.000000000000000        5568.7508263274358     
   73.000000000000000        5671.7474129894554     
   74.000000000000000        5774.7439996514750     
   75.000000000000000        5877.7405863134945     
   76.000000000000000        5980.7371729755141     
   77.000000000000000        6083.7337596375337     
   78.000000000000000        6186.7303462995533     
   79.000000000000000        6289.7269329615729     
   80.000000000000000        6392.7235196235924     
   81.000000000000000        6495.7201062856120     
   82.000000000000000        6598.7166929476316     
   83.000000000000000        6701.7132796096512     
   84.000000000000000        6804.7098662716708     
   85.000000000000000        6907.7064529336903     
   86.000000000000000        7010.7030395957099     
   87.000000000000000        7113.6996262577295     
   88.000000000000000        7216.6962129197491     
   89.000000000000000        7319.6927995817687     
   90.000000000000000        7422.6893862437882     
   91.000000000000000        7525.6859729058078     
   92.000000000000000        7628.6825595678274     
   93.000000000000000        7731.6791462298470     
   94.000000000000000        7834.6757328918666     
   95.000000000000000        7937.6723195538862     
   96.000000000000000        8040.6689062159057     
   97.000000000000000        8143.6654928779253     
   98.000000000000000        8246.6620795399449     
   99.000000000000000        8349.6586662019654     
   100.00000000000000        8452.6552528639859     
   101.00000000000000        8555.6518395260064     
   102.00000000000000        8658.6484261880269     
   103.00000000000000        8761.6450128500474     
   104.00000000000000        8864.6415995120678     
   105.00000000000000        8967.6381861740883     
   106.00000000000000        9070.6347728361088     
   107.00000000000000        9173.6313594981293     
   108.00000000000000        9276.6279461601498     
   109.00000000000000        9379.6245328221703     
   110.00000000000000        9482.6211194841908     
   111.00000000000000        9585.6177061462113     
   112.00000000000000        9688.6142928082318     
   113.00000000000000        9791.6108794702523     
   114.00000000000000        9894.6074661322727     
   115.00000000000000        9997.6040527942932     
   116.00000000000000        10100.600639456314     
   117.00000000000000        10203.597226118334     
   118.00000000000000        10306.593812780355     
   119.00000000000000        10409.590399442375     
   120.00000000000000        10512.586986104396     
   121.00000000000000        10615.583572766416     
   122.00000000000000        10718.580159428437     
   123.00000000000000        10821.576746090457     
   124.00000000000000        10924.573332752478     
   125.00000000000000        11027.569919414498     
   126.00000000000000        11130.566506076519     
   127.00000000000000        11233.563092738539     
   128.00000000000000        11336.559679400560     
   129.00000000000000        11439.556266062580     
   130.00000000000000        11542.552852724601     
   131.00000000000000        11645.549439386621     
   132.00000000000000        11748.546026048642     
   133.00000000000000        11851.542612710662     
   134.00000000000000        11954.539199372683     
   135.00000000000000        12057.535786034703     
   136.00000000000000        12160.532372696724     
   137.00000000000000        12263.528959358744     
   138.00000000000000        12366.525546020765     
   139.00000000000000        12469.522132682785     
   140.00000000000000        12572.518719344806     
   141.00000000000000        12675.515306006826     
   142.00000000000000        12778.511892668846     
   143.00000000000000        12881.508479330867     
   144.00000000000000        12984.505065992887     
   145.00000000000000        13087.501652654908     
   146.00000000000000        13190.498239316928     
   147.00000000000000        13293.494825978949     
   148.00000000000000        13396.491412640969     
   149.00000000000000        13499.487999302990     
   150.00000000000000        13602.484585965010     
   151.00000000000000        13858.477759289051     
   152.00000000000000        14011.474345951072     
   153.00000000000000        14164.470932613092     
   154.00000000000000        14317.467519275113     
   155.00000000000000        14470.464105937133     
   156.00000000000000        14623.460692599154     
   157.00000000000000        14776.457279261174     
   158.00000000000000        14929.453865923195     
   159.00000000000000        15082.450452585215     
   160.00000000000000        15235.447039247236     
   161.00000000000000        15388.443625909256     

   1.0000000000000000        72.996586662019809     
   2.0000000000000000        145.99317332403962     
   3.0000000000000000        218.98975998605943     
   4.0000000000000000        291.98634664807923     
   5.0000000000000000        364.98293331009904     
   6.0000000000000000        437.97951997211885     
   7.0000000000000000        510.97610663413866     
   8.0000000000000000        583.97269329615847     
   9.0000000000000000        656.96927995817828     
   10.000000000000000        729.96586662019809     
   11.000000000000000        802.96245328221789     
   12.000000000000000        875.95903994423770     
   13.000000000000000        948.95562660625751     
   14.000000000000000        1021.9522132682773     
   15.000000000000000        1094.9487999302971     
   16.000000000000000        1167.9453865923169     
   17.000000000000000        1240.9419732543367     
   18.000000000000000        1313.9385599163566     
   19.000000000000000        1386.9351465783764     
   20.000000000000000        1459.9317332403962     
   21.000000000000000        1532.9283199024160     
   22.000000000000000        1605.9249065644358     
   23.000000000000000        1678.9214932264556     
   24.000000000000000        1751.9180798884754     
   25.000000000000000        1824.9146665504952     
   26.000000000000000        1897.9112532125150     
   27.000000000000000        1970.9078398745348     
   28.000000000000000        2043.9044265365546     
   29.000000000000000        2116.9010131985742     
   30.000000000000000        2189.8975998605938     
   31.000000000000000        2262.8941865226134     
   32.000000000000000        2335.8907731846330     
   33.000000000000000        2408.8873598466525     
   34.000000000000000        2481.8839465086721     
   35.000000000000000        2554.8805331706917     
   36.000000000000000        2627.8771198327113     
   37.000000000000000        2700.8737064947309     
   38.000000000000000        2773.8702931567504     
   39.000000000000000        2846.8668798187700     
   40.000000000000000        2919.8634664807896     
   41.000000000000000        2992.8600531428092     
   42.000000000000000        3065.8566398048288     
   43.000000000000000        3138.8532264668484     
   44.000000000000000        3211.8498131288679     
   45.000000000000000        3284.8463997908875     
   46.000000000000000        3357.8429864529071     
   47.000000000000000        3430.8395731149267     
   48.000000000000000        3503.8361597769463     
   49.000000000000000        3576.8327464389658     
   50.000000000000000        3649.8293331009854     
   51.000000000000000        3722.8259197630050     
   52.000000000000000        3795.8225064250246     
   53.000000000000000        3868.8190930870442     
   54.000000000000000        3941.8156797490637     
   55.000000000000000        4014.8122664110833     
   56.000000000000000        4087.8088530731029     
   57.000000000000000        4160.8054397351225     
   58.000000000000000        4233.8020263971421     
   59.000000000000000        4306.7986130591617     
   60.000000000000000        4379.7951997211812     
   61.000000000000000        4452.7917863832008     
   62.000000000000000        4525.7883730452204     
   63.000000000000000        4598.7849597072400     
   64.000000000000000        4671.7815463692596     
   65.000000000000000        4847.7747196932987     
   66.000000000000000        4950.7713063553183     
   67.000000000000000        5053.7678930173379     
   68.000000000000000        5156.7644796793575     
   69.000000000000000        5259.7610663413770     
   70.000000000000000        5362.7576530033966     
   71.000000000000000        5465.7542396654162     
   72.000000000000000        5568.7508263274358     
   73.000000000000000        5671.7474129894554     
   74.000000000000000        5774.7439996514750     
   75.000000000000000        5877.7405863134945     
   76.000000000000000        5980.7371729755141     
   77.000000000000000        6083.7337596375337     
   78.000000000000000        6186.7303462995533     
   79.000000000000000        6289.7269329615729     
   80.000000000000000        6392.7235196235924     
   81.000000000000000        6495.7201062856120     
   82.000000000000000        6598.7166929476316     
   83.000000000000000        6701.7132796096512     
   84.000000000000000        6804.7098662716708     
   85.000000000000000        6907.7064529336903     
   86.000000000000000        7010.7030395957099     
   87.000000000000000        7113.6996262577295     
   88.000000000000000        7216.6962129197491     
   89.000000000000000        7319.6927995817687     
   90.000000000000000        7422.6893862437882     
   91.000000000000000        7525.6859729058078     
   92.000000000000000        7628.6825595678274     
   93.000000000000000        7731.6791462298470     
   94.000000000000000        7834.6757328918666     
   95.000000000000000        7937.6723195538862     
   96.000000000000000        8040.6689062159057     
   97.000000000000000        8143.6654928779253     
   98.000000000000000        8246.6620795399449     
   99.000000000000000        8349.6586662019654     
   100.00000000000000        8452.6552528639859     
   101.00000000000000        8555.6518395260064     
   102.00000000000000        8658.6484261880269     
   103.00000000000000        8761.6450128500474     
   104.00000000000000        8864.6415995120678     
   105.00000000000000        8967.6381861740883     
   106.00000000000000        9070.6347728361088     
   107.00000000000000        9173.6313594981293     
   108.00000000000000        9276.6279461601498     
   109.00000000000000        9379.6245328221703     
   110.00000000000000        9482.6211194841908     
   111.00000000000000        9585.6177061462113     
   112.00000000000000        9688.6142928082318     
   113.00000000000000        9791.6108794702523     
   114.00000000000000        9894.6074661322727     
   115.00000000000000        9997.6040527942932     
   116.00000000000000        10100.600639456314     
   117.00000000000000        10203.597226118334     
   118.00000000000000        10306.593812780355     
   119.00000000000000        10409.590399442375     
   120.00000000000000        10512.586986104396     
   121.00000000000000        10615.583572766416     
   122.00000000000000        10718.580159428437     
   123.00000000000000        10821.576746090457     
   124.00000000000000        10924.573332752478     
   125.00000000000000        11027.569919414498     
   126.00000000000000        11130.566506076519     
   127.00000000000000        11233.563092738539     
   128.00000000000000        11336.559679400560     
   129.00000000000000        11439.556266062580     
   130.00000000000000        11542.552852724601     
   131.00000000000000        11645.549439386621     
   132.00000000000000        11748.546026048642     
   133.00000000000000        11851.542612710662     
   134.00000000000000        11954.539199372683     
   135.00000000000000        12057.535786034703     
   136.00000000000000        12160.532372696724     
   137.00000000000000        12263.528959358744     
   138.00000000000000        12366.525546020765     
   139.00000000000000        12469.522132682785     
   140.00000000000000        12572.518719344806     
   141.00000000000000        12675.515306006826     
   142.00000000000000        12778.511892668846     
   143.00000000000000        12881.508479330867     
   144.00000000000000        12984.505065992887     
   145.00000000000000        13240.498239316928     
   146.00000000000000        13393.494825978949     
   147.00000000000000        13546.491412640969     
   148.00000000000000        13699.487999302990     
   149.00000000000000        13852.484585965010     
   150.00000000000000        14005.481172627031     
   151.00000000000000        14158.477759289051     
   152.00000000000000        14311.474345951072     
   153.00000000000000        14464.470932613092     
   154.00000000000000        14617.467519275113     
   155.00000000000000        14770.464105937133     
   156.00000000000000        14923.460692599154     
   157.00000000000000        15076.457279261174     
   158.00000000000000        15229.453865923195     
   159.00000000000000        15382.450452585215     
   160.00000000000000        15535.447039247236     

   1.0000000000000000        72.996586662019809     
   2.0000000000000000        145.99317332403962     
   3.0000000000000000        218.98975998605943     
   4.0000000000000000        291.98634664807923     
   5.0000000000000000        364.98293331009904     
   6.0000000000000000        437.97951997211885     
   7.0000000000000000        510.97610663413866     
   8.0000000000000000        583.97269329615847     
   9.0000000000000000        656.96927995817828     
   10.000000000000000        729.96586662019809     
   11.000000000000000        802.96245328221789     
   12.000000000000000        875.95903994423770     
   13.000000000000000        948.95562660625751     
   14.000000000000000        1021.9522132682773     
   15.000000000000000        1094.9487999302971     
   16.000000000000000        1167.9453865923169     
   17.000000000000000        1240.9419732543367     
   18.000000000000000        1313.9385599163566     
   19.000000000000000        1386.9351465783764     
   20.000000000000000        1459.9317332403962     
   21.000000000000000        1532.9283199024160     
   22.000000000000000        1605.9249065644358     
   23.000000000000000        1678.9214932264556     
   24.000000000000000        1751.9180798884754     
   25.000000000000000        1824.9146665504952     
   26.000000000000000        1897.9112532125150     
   27.000000000000000        1970.9078398745348     
   28.000000000000000        2043.9044265365546     
   29.000000000000000        2116.9010131985742     
   30.000000000000000        2189.8975998605938     
   31.000000000000000        2262.8941865226134     
   32.000000000000000        2335.8907731846330     
   33.000000000000000        2408.8873598466525     
   34.000000000000000        2481.8839465086721     
   35.000000000000000        2554.8805331706917     
   36.000000000000000        2627.8771198327113     
   37.000000000000000        2700.8737064947309     
   38.000000000000000        2773.8702931567504     
   39.000000000000000        2846.8668798187700     
   40.000000000000000        2919.8634664807896     
   41.000000000000000        2992.8600531428092     
   42.000000000000000        3065.8566398048288     
   43.000000000000000        3138.8532264668484     
   44.000000000000000        3211.8498131288679     
   45.000000000000000        3284.8463997908875     
   46.000000000000000        3357.8429864529071     
   47.000000000000000        3430.8395731149267     
   48.000000000000000        3503.8361597769463     
   49.000000000000000        3576.8327464389658     
   50.000000000000000        3649.8293331009854     
   51.000000000000000        3722.8259197630050     
   52.000000000000000        3795.8225064250246     
   53.000000000000000        3868.8190930870442     
   54.000000000000000        3941.8156797490637     
   55.000000000000000        4014.8122664110833     
   56.000000000000000        4087.8088530731029     
   57.000000000000000        4160.8054397351225     
   58.000000000000000        4233.8020263971421     
   59.000000000000000        4306.7986130591617     
   60.000000000000000        4379.7951997211812     
   61.000000000000000        4452.7917863832008     
   62.000000000000000        4525.7883730452204     
   63.000000000000000        4598.7849597072400     
   64.000000000000000        4671.7815463692596     
   65.000000000000000        4847.7747196932987     
   66.000000000000000        4950.7713063553183     
   67.000000000000000        5053.7678930173379     
   68.000000000000000        5156.7644796793575     
   69.000000000000000        5259.7610663413770     
   70.000000000000000        5362.7576530033966     
   71.000000000000000        5465.7542396654162     
   72.000000000000000        5568.7508263274358     
   73.000000000000000        5671.7474129894554     
   74.000000000000000        5774.7439996514750     
   75.000000000000000        5877.7405863134945     
   76.000000000000000        5980.7371729755141     
   77.000000000000000        6083.7337596375337     
   78.000000000000000        6186.7303462995533     
   79.000000000000000        6289.7269329615729     
   80.000000000000000        6392.7235196235924     
   81.000000000000000        6495.7201062856120     
   82.000000000000000        6598.7166929476316     
   83.000000000000000        6701.7132796096512     
   84.000000000000000        6804.7098662716708     
   85.000000000000000        6907.7064529336903     
   86.000000000000000        7010.7030395957099     
   87.000000000000000        7113.6996262577295     
   88.000000000000000        7216.6962129197491     
   89.000000000000000        7319.6927995817687     
   90.000000000000000        7422.6893862437882     
   91.000000000000000        7525.6859729058078     
   92.000000000000000        7628.6825595678274     
   93.000000000000000        7731.6791462298470     
   94.000000000000000        7834.6757328918666     
   95.000000000000000        7937.6723195538862     
   96.000000000000000        8040.6689062159057     
   97.000000000000000        8143.6654928779253     
   98.000000000000000        8246.6620795399449     
   99.000000000000000        8349.6586662019654     
   100.00000000000000        8452.6552528639859     
   101.00000000000000        8555.6518395260064     
   102.00000000000000        8658.6484261880269     
   103.00000000000000        8761.6450128500474     
   104.00000000000000        8864.6415995120678     
   105.00000000000000        8967.6381861740883     
   106.00000000000000        9070.6347728361088     
   107.00000000000000        9173.6313594981293     
   108.00000000000000        9276.6279461601498     
   109.00000000000000        9379.6245328221703     
   110.00000000000000        9482.6211194841908     
   111.00000000000000        9585.6177061462113     
   112.00000000000000        9688.6142928082318     
   113.00000000000000        9791.6108794702523     
   114.00000000000000        9894.6074661322727     
   115.00000000000000        9997.6040527942932     
   116.00000000000000        10100.600639456314     
   117.00000000000000        10203.597226118334     
   118.00000000000000        10306.593812780355     
   119.00000000000000        10409.590399442375     
   120.00000000000000        10512.586986104396     
   121.00000000000000        10615.583572766416     
   122.00000000000000        10718.580159428437     
   123.00000000000000        10821.576746090457     
   124.00000000000000        10924.573332752478     
   125.00000000000000        11027.569919414498     
   126.00000000000000        11130.566506076519     
   127.00000000000000        11233.563092738539     
   128.00000000000000        11336.559679400560     
   129.00000000000000        11439.556266062580     
   130.00000000000000        11542.552852724601     
   131.00000000000000        11645.549439386621     
   132.00000000000000        11748.546026048642     
   133.00000000000000        11851.542612710662     
   134.00000000000000        11954.539199372683     
   135.00000000000000        12057.535786034703     
   136.00000000000000        12160.532372696724     
   137.00000000000000        12263.528959358744     
   138.00000000000000        12366.525546020765     
   139.00000000000000        12469.522132682785     
   140.00000000000000        12572.518719344806     
   141.00000000000000        12675.515306006826     
   142.00000000000000        12778.511892668846     
   143.00000000000000        12881.508479330867     
   144.00000000000000        12984.505065992887     
   145.00000000000000        13087.501652654908     
   146.00000000000000        13190.498239316928     
   147.00000000000000        13293.494825978949     
   148.00000000000000        13396.491412640969     
   149.00000000000000        13499.487999302990     
   150.00000000000000        13602.484585965010     
   151.00000000000000        13858.477759289051     
   152.00000000000000        14011.474345951072     
   153.00000000000000        14164.470932613092     
   154.00000000000000        14317.467519275113     
   155.00000000000000        14470.464105937133     
   156.00000000000000        14623.460692599154     
   157.00000000000000        14776.457279261174     
   158.00000000000000        14929.453865923195     
   159.00000000000000        15082.450452585215     
   160.00000000000000        15235.447039247236     
   161.00000000000000        15388.443625909256     

   1.0000000000000000        72.996586662019809     
   2.0000000000000000        145.99317332403962     
   3.0000000000000000        218.98975998605943     
   4.0000000000000000        291.98634664807923     
   5.0000000000000000        364.98293331009904     
   6.0000000000000000        437.97951997211885     
   7.0000000000000000        510.97610663413866     
   8.0000000000000000        583.97269329615847     
   9.0000000000000000        656.96927995817828     
   10.000000000000000        729.96586662019809     
   11.000000000000000        802.96245328221789     
   12.000000000000000        875.95903994423770     
   13.000000000000000        948.95562660625751     
   14.000000000000000        1021.9522132682773     
   15.000000000000000        1094.9487999302971     
   16.000000000000000        1167.9453865923169     
   17.000000000000000        1240.9419732543367     
   18.000000000000000        1313.9385599163566     
   19.000000000000000        1386.9351465783764     
   20.000000000000000        1459.9317332403962     
   21.000000000000000        1532.9283199024160     
   22.000000000000000        1605.9249065644358     
   23.000000000000000        1678.9214932264556     
   24.000000000000000        1751.9180798884754     
   25.000000000000000        1824.9146665504952     
   26.000000000000000        1897.9112532125150     
   27.000000000000000        1970.9078398745348     
   28.000000000000000        2043.9044265365546     
   29.000000000000000        2116.9010131985742     
   30.000000000000000        2189.8975998605938     
   31.000000000000000        2262.8941865226134     
   32.000000000000000        2335.8907731846330     
   33.000000000000000        2408.8873598466525     
   34.000000000000000        2481.8839465086721     
   35.000000000000000        2554.8805331706917     
   36.000000000000000        2627.8771198327113     
   37.000000000000000        2700.8737064947309     
   38.000000000000000        2773.8702931567504     
   39.000000000000000        2846.8668798187700     
   40.000000000000000        2919.8634664807896     
   41.000000000000000        2992.8600531428092     
   42.000000000000000        3065.8566398048288     
   43.000000000000000        3138.8532264668484     
   44.000000000000000        3211.8498131288679     
   45.000000000000000        3284.8463997908875     
   46.000000000000000        3357.8429864529071     
   47.000000000000000        3430.8395731149267     
   48.000000000000000        3503.8361597769463     
   49.000000000000000        3576.8327464389658     
   50.000000000000000        3649.8293331009854     
   51.000000000000000        3722.8259197630050     
   52.000000000000000        3795.8225064250246     
   53.000000000000000        3868.8190930870442     
   54.000000000000000        3941.8156797490637     
   55.000000000000000        4014.8122664110833     
   56.000000000000000        4087.8088530731029     
   57.000000000000000        4160.8054397351225     
   58.000000000000000        4233.8020263971421     
   59.000000000000000        4306.7986130591617     
   60.000000000000000        4379.7951997211812     
   61.000000000000000        4452.7917863832008     
   62.000000000000000        4525.7883730452204     
   63.000000000000000        4598.7849597072400     
   64.000000000000000        4671.7815463692596     
   65.000000000000000        4847.7747196932987     
   66.000000000000000        4950.7713063553183     
   67.000000000000000        5053.7678930173379     
   68.000000000000000        5156.7644796793575     
   69.000000000000000        5259.7610663413770     
   70.000000000000000        5362.7576530033966     
   71.000000000000000        5465.7542396654162     
   72.000000000000000        5568.7508263274358     
   73.000000000000000        5671.7474129894554     
   74.000000000000000        5774.7439996514750     
   75.000000000000000        5877.7405863134945     
   76.000000000000000        5980.7371729755141     
   77.000000000000000        6083.7337596375337     
   78.000000000000000        6186.7303462995533     
   79.000000000000000        6289.7269329615729     
   80.000000000000000        6392.7235196235924     
   81.000000000000000        6495.7201062856120     
   82.000000000000000        6598.7166929476316     
   83.000000000000000        6701.7132796096512     
   84.000000000000000        6804.7098662716708     
   85.000000000000000        6907.7064529336903     
   86.000000000000000        7010.7030395957099     
   87.000000000000000        7113.6996262577295     
   88.000000000000000        7216.6962129197491     
   89.000000000000000        7319.6927995817687     
   90.000000000000000        7422.6893862437882     
   91.000000000000000        7525.6859729058078     
   92.000000000000000        7628.6825595678274     
   93.000000000000000        7731.6791462298470     
   94.000000000000000        7834.6757328918666     
   95.000000000000000        7937.6723195538862     
   96.000000000000000        8040.6689062159057     
   97.000000000000000        8143.6654928779253     
   98.000000000000000        8246.6620795399449     
   99.000000000000000        8349.6586662019654     
   100.00000000000000        8452.6552528639859     
   101.00000000000000        8555.6518395260064     
   102.00000000000000        8658.6484261880269     
   103.00000000000000        8761.6450128500474     
   104.00000000000000        8864.6415995120678     
   105.00000000000000        8967.6381861740883     
   106.00000000000000        9070.6347728361088     
   107.00000000000000        9173.6313594981293     
   108.00000000000000        9276.6279461601498     
   109.00000000000000        9379.6245328221703     
   110.00000000000000        9482.6211194841908     
   111.00000000000000        9585.6177061462113     
   112.00000000000000        9688.6142928082318     
   113.00000000000000        9791.6108794702523     
   114.00000000000000        9894.6074661322727     
   115.00000000000000        9997.6040527942932     
   116.00000000000000        10100.600639456314     
   117.00000000000000        10203.597226118334     
   118.00000000000000        10306.593812780355     
   119.00000000000000        10409.590399442375     
   120.00000000000000        10512.586986104396     
   121.00000000000000        10615.583572766416     
   122.00000000000000        10718.580159428437     
   123.00000000000000        10821.576746090457     
   124.00000000000000        10924.573332752478     
   125.00000000000000        11027.569919414498     
   126.00000000000000        11130.566506076519     
   127.00000000000000        11233.563092738539     
   128.00000000000000        11336.559679400560     
   129.00000000000000        11439.556266062580     
   130.00000000000000        11542.552852724601     
   131.00000000000000        11645.549439386621     
   132.00000000000000        11748.546026048642     
   133.00000000000000        11851.542612710662     
   134.00000000000000        11954.539199372683     
   135.00000000000000        12057.535786034703     
   136.00000000000000        12160.532372696724     
   137.00000000000000        12263.528959358744     
   138.00000000000000        12366.525546020765     
   139.00000000000000        12469.522132682785     
   140.00000000000000        12572.518719344806     
   141.00000000000000        12675.515306006826     
   142.00000000000000        12778.511892668846     
   143.00000000000000        12881.508479330867     
   144.00000000000000        12984.505065992887     
   145.00000000000000        13087.501652654908     
   146.00000000000000        13343.494825978949     
   147.00000000000000        13496.491412640969     
   148.00000000000000        13649.487999302990     
   149.00000000000000        13802.484585965010     
   150.00000000000000        13955.481172627031     
   151.00000000000000        14108.477759289051     
   152.00000000000000        14261.474345951072     
   153.00000000000000        14414.470932613092     
   154.00000000000000        14567.467519275113     
   155.00000000000000        14720.464105937133     
   156.00000000000000        14873.460692599154     
   157.00000000000000        15026.457279261174     
   158.00000000000000        15179.453865923195     
   159.00000000000000        15332.450452585215     
   160.00000000000000        15485.447039247236     

   1.0000000000000000        72.996586662019809     
   2.0000000000000000        145.99317332403962     
   3.0000000000000000        218.98975998605943     
   4.0000000000000000        291.98634664807923     
   5.0000000000000000        364.98293331009904     
   6.0000000000000000        437.97951997211885     
   7.0000000000000000        510.97610663413866     
   8.0000000000000000        583.97269329615847     
   9.0000000000000000        656.96927995817828     
   10.000000000000000        729.96586662019809     
   11.000000000000000        802.96245328221789     
   12.000000000000000        875.95903994423770     
   13.000000000000000        948.95562660625751     
   14.000000000000000        1021.9522132682773     
   15.000000000000000        1094.9487999302971     
   16.000000000000000        1167.9453865923169     
   17.000000000000000        1240.9419732543367     
   18.000000000000000        1313.9385599163566     
   19.000000000000000        1386.9351465783764     
   20.000000000000000        1459.9317332403962     
   21.000000000000000        1532.9283199024160     
   22.000000000000000        1605.9249065644358     
   23.000000000000000        1678.9214932264556     
   24.000000000000000        1751.9180798884754     
   25.000000000000000        1824.9146665504952     
   26.000000000000000        1897.9112532125150     
   27.000000000000000        1970.9078398745348     
   28.000000000000000        2043.9044265365546     
   29.000000000000000        2116.9010131985742     
   30.000000000000000        2189.8975998605938     
   31.000000000000000        2262.8941865226134     
   32.000000000000000        2335.8907731846330     
   33.000000000000000        2408.8873598466525     
   34.000000000000000        2481.8839465086721     
   35.000000000000000        2554.8805331706917     
   36.000000000000000        2627.8771198327113     
   37.000000000000000        2700.8737064947309     
   38.000000000000000        2773.8702931567504     
   39.000000000000000        2846.8668798187700     
   40.000000000000000        2919.8634664807896     
   41.000000000000000        2992.8600531428092     
   42.000000000000000        3065.8566398048288     
   43.000000000000000        3138.8532264668484     
   44.000000000000000        3211.8498131288679     
   45.000000000000000        3284.8463997908875     
   46.000000000000000        3357.8429864529071     
   47.000000000000000        3430.8395731149267     
   48.000000000000000        3503.8361597769463     
   49.000000000000000        3576.8327464389658     
   50.000000000000000        3649.8293331009854     
   51.000000000000000        3722.8259197630050     
   52.000000000000000        3795.8225064250246     
   53.000000000000000        3868.8190930870442     
   54.000000000000000        3941.8156797490637     
   55.000000000000000        4014.8122664110833     
   56.000000000000000        4087.8088530731029     
   57.000000000000000        4160.8054397351225     
   58.000000000000000        4233.8020263971421     
   59.000000000000000        4306.7986130591617     
   60.000000000000000        4379.7951997211812     
   61.000000000000000        4452.7917863832008     
   62.000000000000000        4525.7883730452204     
   63.000000000000000        4598.7849597072400     
   64.000000000000000        4671.7815463692596     
   65.000000000000000        4847.7747196932987     
   66.000000000000000        4950.7713063553183     
   67.000000000000000        5053.7678930173379     
   68.000000000000000        5156.7644796793575     
   69.000000000000000        5259.7610663413770     
   70.000000000000000        5362.7576530033966     
   71.000000000000000        5465.7542396654162     
   72.000000000000000        5568.7508263274358     
   73.000000000000000        5671.7474129894554     
   74.000000000000000        5774.7439996514750     
   75.000000000000000        5877.7405863134945     
   76.000000000000000        5980.7371729755141     
   77.000000000000000        6083.7337596375337     
   78.000000000000000        6186.7303462995533     
   79.000000000000000        6289.7269329615729     
   80.000000000000000        6392.7235196235924     
   81.000000000000000        6495.7201062856120     
   82.000000000000000        6598.7166929476316     
   83.000000000000000        6701.7132796096512     
   84.000000000000000        6804.7098662716708     
   85.000000000000000        6907.7064529336903     
   86.000000000000000        7010.7030395957099     
   87.000000000000000        7113.6996262577295     
   88.000000000000000        7216.6962129197491     
   89.000000000000000        7319.6927995817687     
   90.000000000000000        7422.6893862437882     
   91.000000000000000        7525.6859729058078     
   92.000000000000000        7628.6825595678274     
   93.000000000000000        7731.6791462298470     
   94.000000000000000        7834.6757328918666     
   95.000000000000000        7937.6723195538862     
   96.000000000000000        8040.6689062159057     
   97.000000000000000        8143.6654928779253     
   98.000000000000000        8246.6620795399449     
   99.000000000000000        8349.6586662019654     
   100.00000000000000        8452.6552528639859     
   101.00000000000000        8555.6518395260064     
   102.00000000000000        8658.6484261880269     
   103.00000000000000        8761.6450128500474     
   104.00000000000000        8864.6415995120678     
   105.00000000000000        8967.6381861740883     
   106.00000000000000        9070.6347728361088     
   107.00000000000000        9173.6313594981293     
   108.00000000000000        9276.6279461601498     
   109.00000000000000        9379.6245328221703     
   110.00000000000000        9482.6211194841908     
   111.00000000000000        9585.6177061462113     
   112.00000000000000        9688.6142928082318     
   113.00000000000000        9791.6108794702523     
   114.00000000000000        9894.6074661322727     
   115.00000000000000        9997.6040527942932     
   116.00000000000000        10100.600639456314     
   117.00000000000000        10203.597226118334     
   118.00000000000000        10306.593812780355     
   119.00000000000000        10409.590399442375     
   120.00000000000000        10512.586986104396     
   121.00000000000000        10615.583572766416     
   122.00000000000000        10718.580159428437     
   123.00000000000000        10821.576746090457     
   124.00000000000000        10924.573332752478     
   125.00000000000000        11027.569919414498     
   126.00000000000000        11130.566506076519     
   127.00000000000000        11233.563092738539     
   128.00000000000000        11336.559679400560     
   129.00000000000000        11439.556266062580     
   130.00000000000000        11542.552852724601     
   131.00000000000000        11645.549439386621     
   132.00000000000000        11748.546026048642     
   133.00000000000000        11851.542612710662     
   134.00000000000000        11954.539199372683     
   135.00000000000000        12057.535786034703     
   136.00000000000000        12160.532372696724     
   137.00000000000000        12263.528959358744     
   138.00000000000000        12366.525546020765     
   139.00000000000000        12469.522132682785     
   140.00000000000000        12572.518719344806     
   141.00000000000000        12675.515306006826     
   142.00000000000000        12778.511892668846     
   143.00000000000000        12881.508479330867     
   144.00000000000000        13137.501652654908     
   145.00000000000000        13290.498239316928     
   146.00000000000000        13443.494825978949     
   147.00000000000000        13596.491412640969     
   148.00000000000000        13749.487999302990     

