   1.0000000000000000        100.00000000000000     
   2.0000000000000000        200.00000000000000     
   3.0000000000000000        300.00000000000000     
   4.0000000000000000        400.00000000000000     
   5.0000000000000000        500.00000000000000     
   6.0000000000000000        600.00000000000000     
   7.0000000000000000        700.00000000000000     
   8.0000000000000000        800.00000000000000     
   9.0000000000000000        900.00000000000000     
   10.000000000000000        1000.0000000000000     
   11.000000000000000        1100.0000000000000     
   12.000000000000000        1200.0000000000000     
   13.000000000000000        1300.0000000000000     
   14.000000000000000        1400.0000000000000     
   15.000000000000000        1500.0000000000000     
   16.000000000000000        1600.0000000000000     
   17.000000000000000        1700.0000000000000     
   18.000000000000000        1800.0000000000000     
   19.000000000000000        1900.0000000000000     
   20.000000000000000        2000.0000000000000     
   21.000000000000000        2100.0000000000000     
   22.000000000000000        2200.0000000000000     
   23.000000000000000        2300.0000000000000     
   24.000000000000000        2400.0000000000000     
   25.000000000000000        2500.0000000000000     
   26.000000000000000        2600.0000000000000     
   27.000000000000000        2700.0000000000000     
   28.000000000000000        2800.0000000000000     
   29.000000000000000        2900.0000000000000     
   30.000000000000000        3000.0000000000000     
   31.000000000000000        3100.0000000000000     
   32.000000000000000        3200.0000000000000     
   33.000000000000000        3300.0000000000000     
   34.000000000000000        3400.0000000000000     
   35.000000000000000        3500.0000000000000     
   36.000000000000000        3600.0000000000000     
   37.000000000000000        3700.0000000000000     
   38.000000000000000        3800.0000000000000     
   39.000000000000000        3900.0000000000000     
   40.000000000000000        4000.0000000000000     
   41.000000000000000        4100.0000000000000     
   42.000000000000000        4200.0000000000000     
   43.000000000000000        4300.0000000000000     
   44.000000000000000        4400.0000000000000     
   45.000000000000000        4500.0000000000000     
   46.000000000000000        4600.0000000000000     
   47.000000000000000        4700.0000000000000     
   48.000000000000000        4800.0000000000000     
   49.000000000000000        4900.0000000000000     
   50.000000000000000        5000.0000000000000     
   51.000000000000000        5100.0000000000000     
   52.000000000000000        5200.0000000000000     
   53.000000000000000        5300.0000000000000     
   54.000000000000000        5400.0000000000000     
   55.000000000000000        5500.0000000000000     
   56.000000000000000        5600.0000000000000     
   57.000000000000000        5700.0000000000000     
   58.000000000000000        5800.0000000000000     
   59.000000000000000        5900.0000000000000     
   60.000000000000000        6000.0000000000000     
   61.000000000000000        6100.0000000000000     
   62.000000000000000        6200.0000000000000     
   63.000000000000000        6300.0000000000000     
   64.000000000000000        6400.0000000000000     
   65.000000000000000        6500.0000000000000     
   66.000000000000000        6600.0000000000000     
   67.000000000000000        6830.0000000000000     
   68.000000000000000        6960.0000000000000     
   69.000000000000000        7090.0000000000000     
   70.000000000000000        7220.0000000000000     
   71.000000000000000        7350.0000000000000     
   72.000000000000000        7480.0000000000000     
   73.000000000000000        7610.0000000000000     
   74.000000000000000        7740.0000000000000     
   75.000000000000000        7870.0000000000000     
   76.000000000000000        8000.0000000000000     
   77.000000000000000        8130.0000000000000     
   78.000000000000000        8260.0000000000000     
   79.000000000000000        8390.0000000000000     
   80.000000000000000        8520.0000000000000     
   81.000000000000000        8650.0000000000000     
   82.000000000000000        8780.0000000000000     
   83.000000000000000        8910.0000000000000     
   84.000000000000000        9040.0000000000000     
   85.000000000000000        9170.0000000000000     
   86.000000000000000        9300.0000000000000     
   87.000000000000000        9430.0000000000000     
   88.000000000000000        9560.0000000000000     
   89.000000000000000        9690.0000000000000     
   90.000000000000000        9820.0000000000000     
   91.000000000000000        9950.0000000000000     
   92.000000000000000        10080.000000000000     
   93.000000000000000        10210.000000000000     
   94.000000000000000        10340.000000000000     
   95.000000000000000        10470.000000000000     
   96.000000000000000        10600.000000000000     
   97.000000000000000        10730.000000000000     
   98.000000000000000        10860.000000000000     
   99.000000000000000        10990.000000000000     
   100.00000000000000        11120.000000000000     
   101.00000000000000        11250.000000000000     
   102.00000000000000        11380.000000000000     
   103.00000000000000        11510.000000000000     
   104.00000000000000        11640.000000000000     
   105.00000000000000        11770.000000000000     
   106.00000000000000        11900.000000000000     
   107.00000000000000        12030.000000000000     
   108.00000000000000        12160.000000000000     
   109.00000000000000        12290.000000000000     
   110.00000000000000        12420.000000000000     
   111.00000000000000        12550.000000000000     
   112.00000000000000        12680.000000000000     
   113.00000000000000        12810.000000000000     
   114.00000000000000        12940.000000000000     
   115.00000000000000        13070.000000000000     
   116.00000000000000        13200.000000000000     
   117.00000000000000        13330.000000000000     
   118.00000000000000        13460.000000000000     
   119.00000000000000        13590.000000000000     
   120.00000000000000        13720.000000000000     
   121.00000000000000        13850.000000000000     
   122.00000000000000        13980.000000000000     
   123.00000000000000        14110.000000000000     
   124.00000000000000        14240.000000000000     
   125.00000000000000        14370.000000000000     
   126.00000000000000        14500.000000000000     
   127.00000000000000        14630.000000000000     
   128.00000000000000        14760.000000000000     
   129.00000000000000        14890.000000000000     
   130.00000000000000        15020.000000000000     
   131.00000000000000        15150.000000000000     
   132.00000000000000        15280.000000000000     
   133.00000000000000        15410.000000000000     
   134.00000000000000        15540.000000000000     
   135.00000000000000        15670.000000000000     
   136.00000000000000        15980.000000000000     
   137.00000000000000        16160.000000000000     
   138.00000000000000        16340.000000000000     
   139.00000000000000        16520.000000000000     
   140.00000000000000        16700.000000000000     
   141.00000000000000        16880.000000000000     
   142.00000000000000        17060.000000000000     
   143.00000000000000        17240.000000000000     
   144.00000000000000        17420.000000000000     
   145.00000000000000        17600.000000000000     
   146.00000000000000        17780.000000000000     
   147.00000000000000        17960.000000000000     
   148.00000000000000        18140.000000000000     
   149.00000000000000        18320.000000000000     
   150.00000000000000        18500.000000000000     

   1.0000000000000000        100.00000000000000     
   2.0000000000000000        200.00000000000000     
   3.0000000000000000        300.00000000000000     
   4.0000000000000000        400.00000000000000     
   5.0000000000000000        500.00000000000000     
   6.0000000000000000        600.00000000000000     
   7.0000000000000000        700.00000000000000     
   8.0000000000000000        800.00000000000000     
   9.0000000000000000        900.00000000000000     
   10.000000000000000        1000.0000000000000     
   11.000000000000000        1100.0000000000000     
   12.000000000000000        1200.0000000000000     
   13.000000000000000        1300.0000000000000     
   14.000000000000000        1400.0000000000000     
   15.000000000000000        1500.0000000000000     
   16.000000000000000        1600.0000000000000     
   17.000000000000000        1700.0000000000000     
   18.000000000000000        1800.0000000000000     
   19.000000000000000        1900.0000000000000     
   20.000000000000000        2000.0000000000000     
   21.000000000000000        2100.0000000000000     
   22.000000000000000        2200.0000000000000     
   23.000000000000000        2300.0000000000000     
   24.000000000000000        2400.0000000000000     
   25.000000000000000        2500.0000000000000     
   26.000000000000000        2600.0000000000000     
   27.000000000000000        2700.0000000000000     
   28.000000000000000        2800.0000000000000     
   29.000000000000000        2900.0000000000000     
   30.000000000000000        3000.0000000000000     
   31.000000000000000        3100.0000000000000     
   32.000000000000000        3200.0000000000000     
   33.000000000000000        3300.0000000000000     
   34.000000000000000        3400.0000000000000     
   35.000000000000000        3500.0000000000000     
   36.000000000000000        3600.0000000000000     
   37.000000000000000        3700.0000000000000     
   38.000000000000000        3800.0000000000000     
   39.000000000000000        3900.0000000000000     
   40.000000000000000        4000.0000000000000     
   41.000000000000000        4100.0000000000000     
   42.000000000000000        4200.0000000000000     
   43.000000000000000        4300.0000000000000     
   44.000000000000000        4400.0000000000000     
   45.000000000000000        4500.0000000000000     
   46.000000000000000        4600.0000000000000     
   47.000000000000000        4700.0000000000000     
   48.000000000000000        4800.0000000000000     
   49.000000000000000        4900.0000000000000     
   50.000000000000000        5000.0000000000000     
   51.000000000000000        5100.0000000000000     
   52.000000000000000        5200.0000000000000     
   53.000000000000000        5300.0000000000000     
   54.000000000000000        5400.0000000000000     
   55.000000000000000        5500.0000000000000     
   56.000000000000000        5600.0000000000000     
   57.000000000000000        5700.0000000000000     
   58.000000000000000        5800.0000000000000     
   59.000000000000000        5900.0000000000000     
   60.000000000000000        6000.0000000000000     
   61.000000000000000        6100.0000000000000     
   62.000000000000000        6200.0000000000000     
   63.000000000000000        6300.0000000000000     
   64.000000000000000        6400.0000000000000     
   65.000000000000000        6500.0000000000000     
   66.000000000000000        6600.0000000000000     
   67.000000000000000        6830.0000000000000     
   68.000000000000000        6960.0000000000000     
   69.000000000000000        7090.0000000000000     
   70.000000000000000        7220.0000000000000     
   71.000000000000000        7350.0000000000000     
   72.000000000000000        7480.0000000000000     
   73.000000000000000        7610.0000000000000     
   74.000000000000000        7740.0000000000000     
   75.000000000000000        7870.0000000000000     
   76.000000000000000        8000.0000000000000     
   77.000000000000000        8130.0000000000000     
   78.000000000000000        8260.0000000000000     
   79.000000000000000        8390.0000000000000     
   80.000000000000000        8520.0000000000000     
   81.000000000000000        8650.0000000000000     
   82.000000000000000        8780.0000000000000     
   83.000000000000000        8910.0000000000000     
   84.000000000000000        9040.0000000000000     
   85.000000000000000        9170.0000000000000     
   86.000000000000000        9300.0000000000000     
   87.000000000000000        9430.0000000000000     
   88.000000000000000        9560.0000000000000     
   89.000000000000000        9690.0000000000000     
   90.000000000000000        9820.0000000000000     
   91.000000000000000        9950.0000000000000     
   92.000000000000000        10080.000000000000     
   93.000000000000000        10210.000000000000     
   94.000000000000000        10340.000000000000     
   95.000000000000000        10470.000000000000     
   96.000000000000000        10600.000000000000     
   97.000000000000000        10730.000000000000     
   98.000000000000000        10860.000000000000     
   99.000000000000000        10990.000000000000     
   100.00000000000000        11120.000000000000     
   101.00000000000000        11250.000000000000     
   102.00000000000000        11380.000000000000     
   103.00000000000000        11510.000000000000     
   104.00000000000000        11640.000000000000     
   105.00000000000000        11770.000000000000     
   106.00000000000000        11900.000000000000     
   107.00000000000000        12030.000000000000     
   108.00000000000000        12160.000000000000     
   109.00000000000000        12290.000000000000     
   110.00000000000000        12420.000000000000     
   111.00000000000000        12550.000000000000     
   112.00000000000000        12680.000000000000     
   113.00000000000000        12810.000000000000     
   114.00000000000000        12940.000000000000     
   115.00000000000000        13070.000000000000     
   116.00000000000000        13200.000000000000     
   117.00000000000000        13330.000000000000     
   118.00000000000000        13460.000000000000     
   119.00000000000000        13590.000000000000     
   120.00000000000000        13720.000000000000     
   121.00000000000000        13850.000000000000     
   122.00000000000000        13980.000000000000     
   123.00000000000000        14110.000000000000     
   124.00000000000000        14240.000000000000     
   125.00000000000000        14370.000000000000     
   126.00000000000000        14500.000000000000     
   127.00000000000000        14630.000000000000     
   128.00000000000000        14760.000000000000     
   129.00000000000000        14890.000000000000     
   130.00000000000000        15020.000000000000     
   131.00000000000000        15150.000000000000     
   132.00000000000000        15280.000000000000     
   133.00000000000000        15410.000000000000     
   134.00000000000000        15540.000000000000     
   135.00000000000000        15670.000000000000     
   136.00000000000000        15800.000000000000     
   137.00000000000000        15930.000000000000     
   138.00000000000000        16060.000000000000     
   139.00000000000000        16190.000000000000     
   140.00000000000000        16320.000000000000     
   141.00000000000000        16450.000000000000     
   142.00000000000000        16760.000000000000     
   143.00000000000000        16940.000000000000     
   144.00000000000000        17120.000000000000     
   145.00000000000000        17300.000000000000     
   146.00000000000000        17480.000000000000     
   147.00000000000000        17660.000000000000     
   148.00000000000000        17840.000000000000     
   149.00000000000000        18020.000000000000     
   150.00000000000000        18200.000000000000     
   151.00000000000000        18380.000000000000     
   152.00000000000000        18560.000000000000     
   153.00000000000000        18740.000000000000     
   154.00000000000000        18920.000000000000     

   1.0000000000000000        100.00000000000000     
   2.0000000000000000        200.00000000000000     
   3.0000000000000000        300.00000000000000     
   4.0000000000000000        400.00000000000000     
   5.0000000000000000        500.00000000000000     
   6.0000000000000000        600.00000000000000     
   7.0000000000000000        700.00000000000000     
   8.0000000000000000        800.00000000000000     
   9.0000000000000000        900.00000000000000     
   10.000000000000000        1000.0000000000000     
   11.000000000000000        1100.0000000000000     
   12.000000000000000        1200.0000000000000     
   13.000000000000000        1300.0000000000000     
   14.000000000000000        1400.0000000000000     
   15.000000000000000        1500.0000000000000     
   16.000000000000000        1600.0000000000000     
   17.000000000000000        1700.0000000000000     
   18.000000000000000        1800.0000000000000     
   19.000000000000000        1900.0000000000000     
   20.000000000000000        2000.0000000000000     
   21.000000000000000        2100.0000000000000     
   22.000000000000000        2200.0000000000000     
   23.000000000000000        2300.0000000000000     
   24.000000000000000        2400.0000000000000     
   25.000000000000000        2500.0000000000000     
   26.000000000000000        2600.0000000000000     
   27.000000000000000        2700.0000000000000     
   28.000000000000000        2800.0000000000000     
   29.000000000000000        2900.0000000000000     
   30.000000000000000        3000.0000000000000     
   31.000000000000000        3100.0000000000000     
   32.000000000000000        3200.0000000000000     
   33.000000000000000        3300.0000000000000     
   34.000000000000000        3400.0000000000000     
   35.000000000000000        3500.0000000000000     
   36.000000000000000        3600.0000000000000     
   37.000000000000000        3700.0000000000000     
   38.000000000000000        3800.0000000000000     
   39.000000000000000        3900.0000000000000     
   40.000000000000000        4000.0000000000000     
   41.000000000000000        4100.0000000000000     
   42.000000000000000        4200.0000000000000     
   43.000000000000000        4300.0000000000000     
   44.000000000000000        4400.0000000000000     
   45.000000000000000        4500.0000000000000     
   46.000000000000000        4600.0000000000000     
   47.000000000000000        4700.0000000000000     
   48.000000000000000        4800.0000000000000     
   49.000000000000000        4900.0000000000000     
   50.000000000000000        5000.0000000000000     
   51.000000000000000        5100.0000000000000     
   52.000000000000000        5200.0000000000000     
   53.000000000000000        5300.0000000000000     
   54.000000000000000        5400.0000000000000     
   55.000000000000000        5500.0000000000000     
   56.000000000000000        5600.0000000000000     
   57.000000000000000        5700.0000000000000     
   58.000000000000000        5800.0000000000000     
   59.000000000000000        5900.0000000000000     
   60.000000000000000        6000.0000000000000     
   61.000000000000000        6100.0000000000000     
   62.000000000000000        6200.0000000000000     
   63.000000000000000        6300.0000000000000     
   64.000000000000000        6400.0000000000000     
   65.000000000000000        6500.0000000000000     
   66.000000000000000        6600.0000000000000     
   67.000000000000000        6830.0000000000000     
   68.000000000000000        6960.0000000000000     
   69.000000000000000        7090.0000000000000     
   70.000000000000000        7220.0000000000000     
   71.000000000000000        7350.0000000000000     
   72.000000000000000        7480.0000000000000     
   73.000000000000000        7610.0000000000000     
   74.000000000000000        7740.0000000000000     
   75.000000000000000        7870.0000000000000     
   76.000000000000000        8000.0000000000000     
   77.000000000000000        8130.0000000000000     
   78.000000000000000        8260.0000000000000     
   79.000000000000000        8390.0000000000000     
   80.000000000000000        8520.0000000000000     
   81.000000000000000        8650.0000000000000     
   82.000000000000000        8780.0000000000000     
   83.000000000000000        8910.0000000000000     
   84.000000000000000        9040.0000000000000     
   85.000000000000000        9170.0000000000000     
   86.000000000000000        9300.0000000000000     
   87.000000000000000        9430.0000000000000     
   88.000000000000000        9560.0000000000000     
   89.000000000000000        9690.0000000000000     
   90.000000000000000        9820.0000000000000     
   91.000000000000000        9950.0000000000000     
   92.000000000000000        10080.000000000000     
   93.000000000000000        10210.000000000000     
   94.000000000000000        10340.000000000000     
   95.000000000000000        10470.000000000000     
   96.000000000000000        10600.000000000000     
   97.000000000000000        10730.000000000000     
   98.000000000000000        10860.000000000000     
   99.000000000000000        10990.000000000000     
   100.00000000000000        11120.000000000000     
   101.00000000000000        11250.000000000000     
   102.00000000000000        11380.000000000000     
   103.00000000000000        11510.000000000000     
   104.00000000000000        11640.000000000000     
   105.00000000000000        11770.000000000000     
   106.00000000000000        11900.000000000000     
   107.00000000000000        12030.000000000000     
   108.00000000000000        12160.000000000000     
   109.00000000000000        12290.000000000000     
   110.00000000000000        12420.000000000000     
   111.00000000000000        12550.000000000000     
   112.00000000000000        12680.000000000000     
   113.00000000000000        12810.000000000000     
   114.00000000000000        12940.000000000000     
   115.00000000000000        13070.000000000000     
   116.00000000000000        13200.000000000000     
   117.00000000000000        13330.000000000000     
   118.00000000000000        13460.000000000000     
   119.00000000000000        13590.000000000000     
   120.00000000000000        13720.000000000000     
   121.00000000000000        13850.000000000000     
   122.00000000000000        13980.000000000000     
   123.00000000000000        14110.000000000000     
   124.00000000000000        14240.000000000000     
   125.00000000000000        14370.000000000000     
   126.00000000000000        14500.000000000000     
   127.00000000000000        14630.000000000000     
   128.00000000000000        14760.000000000000     
   129.00000000000000        14890.000000000000     
   130.00000000000000        15020.000000000000     
   131.00000000000000        15150.000000000000     
   132.00000000000000        15280.000000000000     
   133.00000000000000        15410.000000000000     
   134.00000000000000        15540.000000000000     
   135.00000000000000        15670.000000000000     
   136.00000000000000        15800.000000000000     
   137.00000000000000        15930.000000000000     
   138.00000000000000        16060.000000000000     
   139.00000000000000        16370.000000000000     
   140.00000000000000        16550.000000000000     
   141.00000000000000        16730.000000000000     
   142.00000000000000        16910.000000000000     
   143.00000000000000        17090.000000000000     
   144.00000000000000        17270.000000000000     
   145.00000000000000        17450.000000000000     
   146.00000000000000        17630.000000000000     
   147.00000000000000        17810.000000000000     
   148.00000000000000        17990.000000000000     
   149.00000000000000        18170.000000000000     
   150.00000000000000        18350.000000000000     
   151.00000000000000        18530.000000000000     
   152.00000000000000        18710.000000000000     
   153.00000000000000        18890.000000000000     
   154.00000000000000        19070.000000000000     
   155.00000000000000        19250.000000000000     
   156.00000000000000        19430.000000000000     
   157.00000000000000        19610.000000000000     

   1.0000000000000000        100.00000000000000     
   2.0000000000000000        200.00000000000000     
   3.0000000000000000        300.00000000000000     
   4.0000000000000000        400.00000000000000     
   5.0000000000000000        500.00000000000000     
   6.0000000000000000        600.00000000000000     
   7.0000000000000000        700.00000000000000     
   8.0000000000000000        800.00000000000000     
   9.0000000000000000        900.00000000000000     
   10.000000000000000        1000.0000000000000     
   11.000000000000000        1100.0000000000000     
   12.000000000000000        1200.0000000000000     
   13.000000000000000        1300.0000000000000     
   14.000000000000000        1400.0000000000000     
   15.000000000000000        1500.0000000000000     
   16.000000000000000        1600.0000000000000     
   17.000000000000000        1700.0000000000000     
   18.000000000000000        1800.0000000000000     
   19.000000000000000        1900.0000000000000     
   20.000000000000000        2000.0000000000000     
   21.000000000000000        2100.0000000000000     
   22.000000000000000        2200.0000000000000     
   23.000000000000000        2300.0000000000000     
   24.000000000000000        2400.0000000000000     
   25.000000000000000        2500.0000000000000     
   26.000000000000000        2600.0000000000000     
   27.000000000000000        2700.0000000000000     
   28.000000000000000        2800.0000000000000     
   29.000000000000000        2900.0000000000000     
   30.000000000000000        3000.0000000000000     
   31.000000000000000        3100.0000000000000     
   32.000000000000000        3200.0000000000000     
   33.000000000000000        3300.0000000000000     
   34.000000000000000        3400.0000000000000     
   35.000000000000000        3500.0000000000000     
   36.000000000000000        3600.0000000000000     
   37.000000000000000        3700.0000000000000     
   38.000000000000000        3800.0000000000000     
   39.000000000000000        3900.0000000000000     
   40.000000000000000        4000.0000000000000     
   41.000000000000000        4100.0000000000000     
   42.000000000000000        4200.0000000000000     
   43.000000000000000        4300.0000000000000     
   44.000000000000000        4400.0000000000000     
   45.000000000000000        4500.0000000000000     
   46.000000000000000        4600.0000000000000     
   47.000000000000000        4700.0000000000000     
   48.000000000000000        4800.0000000000000     
   49.000000000000000        4900.0000000000000     
   50.000000000000000        5000.0000000000000     
   51.000000000000000        5100.0000000000000     
   52.000000000000000        5200.0000000000000     
   53.000000000000000        5300.0000000000000     
   54.000000000000000        5400.0000000000000     
   55.000000000000000        5500.0000000000000     
   56.000000000000000        5600.0000000000000     
   57.000000000000000        5700.0000000000000     
   58.000000000000000        5800.0000000000000     
   59.000000000000000        5900.0000000000000     
   60.000000000000000        6000.0000000000000     
   61.000000000000000        6100.0000000000000     
   62.000000000000000        6200.0000000000000     
   63.000000000000000        6300.0000000000000     
   64.000000000000000        6400.0000000000000     
   65.000000000000000        6500.0000000000000     
   66.000000000000000        6600.0000000000000     
   67.000000000000000        6830.0000000000000     
   68.000000000000000        6960.0000000000000     
   69.000000000000000        7090.0000000000000     
   70.000000000000000        7220.0000000000000     
   71.000000000000000        7350.0000000000000     
   72.000000000000000        7480.0000000000000     
   73.000000000000000        7610.0000000000000     
   74.000000000000000        7740.0000000000000     
   75.000000000000000        7870.0000000000000     
   76.000000000000000        8000.0000000000000     
   77.000000000000000        8130.0000000000000     
   78.000000000000000        8260.0000000000000     
   79.000000000000000        8390.0000000000000     
   80.000000000000000        8520.0000000000000     
   81.000000000000000        8650.0000000000000     
   82.000000000000000        8780.0000000000000     
   83.000000000000000        8910.0000000000000     
   84.000000000000000        9040.0000000000000     
   85.000000000000000        9170.0000000000000     
   86.000000000000000        9300.0000000000000     
   87.000000000000000        9430.0000000000000     
   88.000000000000000        9560.0000000000000     
   89.000000000000000        9690.0000000000000     
   90.000000000000000        9820.0000000000000     
   91.000000000000000        9950.0000000000000     
   92.000000000000000        10080.000000000000     
   93.000000000000000        10210.000000000000     
   94.000000000000000        10340.000000000000     
   95.000000000000000        10470.000000000000     
   96.000000000000000        10600.000000000000     
   97.000000000000000        10730.000000000000     
   98.000000000000000        10860.000000000000     
   99.000000000000000        10990.000000000000     
   100.00000000000000        11120.000000000000     
   101.00000000000000        11250.000000000000     
   102.00000000000000        11380.000000000000     
   103.00000000000000        11510.000000000000     
   104.00000000000000        11640.000000000000     
   105.00000000000000        11770.000000000000     
   106.00000000000000        11900.000000000000     
   107.00000000000000        12030.000000000000     
   108.00000000000000        12160.000000000000     
   109.00000000000000        12290.000000000000     
   110.00000000000000        12420.000000000000     
   111.00000000000000        12550.000000000000     
   112.00000000000000        12680.000000000000     
   113.00000000000000        12810.000000000000     
   114.00000000000000        12940.000000000000     
   115.00000000000000        13070.000000000000     
   116.00000000000000        13200.000000000000     
   117.00000000000000        13330.000000000000     
   118.00000000000000        13460.000000000000     
   119.00000000000000        13590.000000000000     
   120.00000000000000        13720.000000000000     
   121.00000000000000        13850.000000000000     
   122.00000000000000        13980.000000000000     
   123.00000000000000        14110.000000000000     
   124.00000000000000        14240.000000000000     
   125.00000000000000        14370.000000000000     
   126.00000000000000        14500.000000000000     
   127.00000000000000        14630.000000000000     
   128.00000000000000        14760.000000000000     
   129.00000000000000        14890.000000000000     
   130.00000000000000        15020.000000000000     
   131.00000000000000        15150.000000000000     
   132.00000000000000        15280.000000000000     
   133.00000000000000        15410.000000000000     
   134.00000000000000        15540.000000000000     
   135.00000000000000        15670.000000000000     
   136.00000000000000        15800.000000000000     
   137.00000000000000        15930.000000000000     
   138.00000000000000        16060.000000000000     
   139.00000000000000        16190.000000000000     
   140.00000000000000        16320.000000000000     
   141.00000000000000        16450.000000000000     
   142.00000000000000        16580.000000000000     
   143.00000000000000        16710.000000000000     
   144.00000000000000        16840.000000000000     
   145.00000000000000        16970.000000000000     
   146.00000000000000        17100.000000000000     
   147.00000000000000        17230.000000000000     
   148.00000000000000        17360.000000000000     
   149.00000000000000        17490.000000000000     
   150.00000000000000        17620.000000000000     
   151.00000000000000        17750.000000000000     
   152.00000000000000        18060.000000000000     
   153.00000000000000        18240.000000000000     
   154.00000000000000        18420.000000000000     
   155.00000000000000        18600.000000000000     
   156.00000000000000        18780.000000000000     
   157.00000000000000        18960.000000000000     
   158.00000000000000        19140.000000000000     
   159.00000000000000        19320.000000000000     
   160.00000000000000        19500.000000000000     
   161.00000000000000        19680.000000000000     

   1.0000000000000000        100.00000000000000     
   2.0000000000000000        200.00000000000000     
   3.0000000000000000        300.00000000000000     
   4.0000000000000000        400.00000000000000     
   5.0000000000000000        500.00000000000000     
   6.0000000000000000        600.00000000000000     
   7.0000000000000000        700.00000000000000     
   8.0000000000000000        800.00000000000000     
   9.0000000000000000        900.00000000000000     
   10.000000000000000        1000.0000000000000     
   11.000000000000000        1100.0000000000000     
   12.000000000000000        1200.0000000000000     
   13.000000000000000        1300.0000000000000     
   14.000000000000000        1400.0000000000000     
   15.000000000000000        1500.0000000000000     
   16.000000000000000        1600.0000000000000     
   17.000000000000000        1700.0000000000000     
   18.000000000000000        1800.0000000000000     
   19.000000000000000        1900.0000000000000     
   20.000000000000000        2000.0000000000000     
   21.000000000000000        2100.0000000000000     
   22.000000000000000        2200.0000000000000     
   23.000000000000000        2300.0000000000000     
   24.000000000000000        2400.0000000000000     
   25.000000000000000        2500.0000000000000     
   26.000000000000000        2600.0000000000000     
   27.000000000000000        2700.0000000000000     
   28.000000000000000        2800.0000000000000     
   29.000000000000000        2900.0000000000000     
   30.000000000000000        3000.0000000000000     
   31.000000000000000        3100.0000000000000     
   32.000000000000000        3200.0000000000000     
   33.000000000000000        3300.0000000000000     
   34.000000000000000        3400.0000000000000     
   35.000000000000000        3500.0000000000000     
   36.000000000000000        3600.0000000000000     
   37.000000000000000        3700.0000000000000     
   38.000000000000000        3800.0000000000000     
   39.000000000000000        3900.0000000000000     
   40.000000000000000        4000.0000000000000     
   41.000000000000000        4100.0000000000000     
   42.000000000000000        4200.0000000000000     
   43.000000000000000        4300.0000000000000     
   44.000000000000000        4400.0000000000000     
   45.000000000000000        4500.0000000000000     
   46.000000000000000        4600.0000000000000     
   47.000000000000000        4700.0000000000000     
   48.000000000000000        4800.0000000000000     
   49.000000000000000        4900.0000000000000     
   50.000000000000000        5000.0000000000000     
   51.000000000000000        5100.0000000000000     
   52.000000000000000        5200.0000000000000     
   53.000000000000000        5300.0000000000000     
   54.000000000000000        5400.0000000000000     
   55.000000000000000        5500.0000000000000     
   56.000000000000000        5600.0000000000000     
   57.000000000000000        5700.0000000000000     
   58.000000000000000        5800.0000000000000     
   59.000000000000000        5900.0000000000000     
   60.000000000000000        6000.0000000000000     
   61.000000000000000        6100.0000000000000     
   62.000000000000000        6200.0000000000000     
   63.000000000000000        6300.0000000000000     
   64.000000000000000        6400.0000000000000     
   65.000000000000000        6500.0000000000000     
   66.000000000000000        6600.0000000000000     
   67.000000000000000        6830.0000000000000     
   68.000000000000000        6960.0000000000000     
   69.000000000000000        7090.0000000000000     
   70.000000000000000        7220.0000000000000     
   71.000000000000000        7350.0000000000000     
   72.000000000000000        7480.0000000000000     
   73.000000000000000        7610.0000000000000     
   74.000000000000000        7740.0000000000000     
   75.000000000000000        7870.0000000000000     
   76.000000000000000        8000.0000000000000     
   77.000000000000000        8130.0000000000000     
   78.000000000000000        8260.0000000000000     
   79.000000000000000        8390.0000000000000     
   80.000000000000000        8520.0000000000000     
   81.000000000000000        8650.0000000000000     
   82.000000000000000        8780.0000000000000     
   83.000000000000000        8910.0000000000000     
   84.000000000000000        9040.0000000000000     
   85.000000000000000        9170.0000000000000     
   86.000000000000000        9300.0000000000000     
   87.000000000000000        9430.0000000000000     
   88.000000000000000        9560.0000000000000     
   89.000000000000000        9690.0000000000000     
   90.000000000000000        9820.0000000000000     
   91.000000000000000        9950.0000000000000     
   92.000000000000000        10080.000000000000     
   93.000000000000000        10210.000000000000     
   94.000000000000000        10340.000000000000     
   95.000000000000000        10470.000000000000     
   96.000000000000000        10600.000000000000     
   97.000000000000000        10730.000000000000     
   98.000000000000000        10860.000000000000     
   99.000000000000000        10990.000000000000     
   100.00000000000000        11120.000000000000     
   101.00000000000000        11250.000000000000     
   102.00000000000000        11380.000000000000     
   103.00000000000000        11510.000000000000     
   104.00000000000000        11640.000000000000     
   105.00000000000000        11770.000000000000     
   106.00000000000000        11900.000000000000     
   107.00000000000000        12030.000000000000     
   108.00000000000000        12160.000000000000     
   109.00000000000000        12290.000000000000     
   110.00000000000000        12420.000000000000     
   111.00000000000000        12550.000000000000     
   112.00000000000000        12680.000000000000     
   113.00000000000000        12810.000000000000     
   114.00000000000000        12940.000000000000     
   115.00000000000000        13070.000000000000     
   116.00000000000000        13200.000000000000     
   117.00000000000000        13330.000000000000     
   118.00000000000000        13460.000000000000     
   119.00000000000000        13590.000000000000     
   120.00000000000000        13720.000000000000     
   121.00000000000000        13850.000000000000     
   122.00000000000000        13980.000000000000     
   123.00000000000000        14110.000000000000     
   124.00000000000000        14240.000000000000     
   125.00000000000000        14370.000000000000     
   126.00000000000000        14500.000000000000     
   127.00000000000000        14630.000000000000     
   128.00000000000000        14760.000000000000     
   129.00000000000000        14890.000000000000     
   130.00000000000000        15020.000000000000     
   131.00000000000000        15150.000000000000     
   132.00000000000000        15280.000000000000     
   133.00000000000000        15410.000000000000     
   134.00000000000000        15540.000000000000     
   135.00000000000000        15670.000000000000     
   136.00000000000000        15800.000000000000     
   137.00000000000000        15930.000000000000     
   138.00000000000000        16060.000000000000     
   139.00000000000000        16190.000000000000     
   140.00000000000000        16320.000000000000     
   141.00000000000000        16450.000000000000     
   142.00000000000000        16580.000000000000     
   143.00000000000000        16710.000000000000     
   144.00000000000000        16840.000000000000     
   145.00000000000000        16970.000000000000     
   146.00000000000000        17100.000000000000     
   147.00000000000000        17230.000000000000     
   148.00000000000000        17360.000000000000     
   149.00000000000000        17490.000000000000     
   150.00000000000000        17620.000000000000     
   151.00000000000000        17750.000000000000     
   152.00000000000000        18060.000000000000     
   153.00000000000000        18240.000000000000     
   154.00000000000000        18420.000000000000     
   155.00000000000000        18600.000000000000     
   156.00000000000000        18780.000000000000     
   157.00000000000000        18960.000000000000     
   158.00000000000000        19140.000000000000     
   159.00000000000000        19320.000000000000     
   160.00000000000000        19500.000000000000     
   161.00000000000000        19680.000000000000     

   1.0000000000000000        100.00000000000000     
   2.0000000000000000        200.00000000000000     
   3.0000000000000000        300.00000000000000     
   4.0000000000000000        400.00000000000000     
   5.0000000000000000        500.00000000000000     
   6.0000000000000000        600.00000000000000     
   7.0000000000000000        700.00000000000000     
   8.0000000000000000        800.00000000000000     
   9.0000000000000000        900.00000000000000     
   10.000000000000000        1000.0000000000000     
   11.000000000000000        1100.0000000000000     
   12.000000000000000        1200.0000000000000     
   13.000000000000000        1300.0000000000000     
   14.000000000000000        1400.0000000000000     
   15.000000000000000        1500.0000000000000     
   16.000000000000000        1600.0000000000000     
   17.000000000000000        1700.0000000000000     
   18.000000000000000        1800.0000000000000     
   19.000000000000000        1900.0000000000000     
   20.000000000000000        2000.0000000000000     
   21.000000000000000        2100.0000000000000     
   22.000000000000000        2200.0000000000000     
   23.000000000000000        2300.0000000000000     
   24.000000000000000        2400.0000000000000     
   25.000000000000000        2500.0000000000000     
   26.000000000000000        2600.0000000000000     
   27.000000000000000        2700.0000000000000     
   28.000000000000000        2800.0000000000000     
   29.000000000000000        2900.0000000000000     
   30.000000000000000        3000.0000000000000     
   31.000000000000000        3100.0000000000000     
   32.000000000000000        3200.0000000000000     
   33.000000000000000        3300.0000000000000     
   34.000000000000000        3400.0000000000000     
   35.000000000000000        3500.0000000000000     
   36.000000000000000        3600.0000000000000     
   37.000000000000000        3700.0000000000000     
   38.000000000000000        3800.0000000000000     
   39.000000000000000        3900.0000000000000     
   40.000000000000000        4000.0000000000000     
   41.000000000000000        4100.0000000000000     
   42.000000000000000        4200.0000000000000     
   43.000000000000000        4300.0000000000000     
   44.000000000000000        4400.0000000000000     
   45.000000000000000        4500.0000000000000     
   46.000000000000000        4600.0000000000000     
   47.000000000000000        4700.0000000000000     
   48.000000000000000        4800.0000000000000     
   49.000000000000000        4900.0000000000000     
   50.000000000000000        5000.0000000000000     
   51.000000000000000        5100.0000000000000     
   52.000000000000000        5200.0000000000000     
   53.000000000000000        5300.0000000000000     
   54.000000000000000        5400.0000000000000     
   55.000000000000000        5500.0000000000000     
   56.000000000000000        5600.0000000000000     
   57.000000000000000        5700.0000000000000     
   58.000000000000000        5800.0000000000000     
   59.000000000000000        5900.0000000000000     
   60.000000000000000        6000.0000000000000     
   61.000000000000000        6100.0000000000000     
   62.000000000000000        6200.0000000000000     
   63.000000000000000        6300.0000000000000     
   64.000000000000000        6400.0000000000000     
   65.000000000000000        6500.0000000000000     
   66.000000000000000        6600.0000000000000     
   67.000000000000000        6830.0000000000000     
   68.000000000000000        6960.0000000000000     
   69.000000000000000        7090.0000000000000     
   70.000000000000000        7220.0000000000000     
   71.000000000000000        7350.0000000000000     
   72.000000000000000        7480.0000000000000     
   73.000000000000000        7610.0000000000000     
   74.000000000000000        7740.0000000000000     
   75.000000000000000        7870.0000000000000     
   76.000000000000000        8000.0000000000000     
   77.000000000000000        8130.0000000000000     
   78.000000000000000        8260.0000000000000     
   79.000000000000000        8390.0000000000000     
   80.000000000000000        8520.0000000000000     
   81.000000000000000        8650.0000000000000     
   82.000000000000000        8780.0000000000000     
   83.000000000000000        8910.0000000000000     
   84.000000000000000        9040.0000000000000     
   85.000000000000000        9170.0000000000000     
   86.000000000000000        9300.0000000000000     
   87.000000000000000        9430.0000000000000     
   88.000000000000000        9560.0000000000000     
   89.000000000000000        9690.0000000000000     
   90.000000000000000        9820.0000000000000     
   91.000000000000000        9950.0000000000000     
   92.000000000000000        10080.000000000000     
   93.000000000000000        10210.000000000000     
   94.000000000000000        10340.000000000000     
   95.000000000000000        10470.000000000000     
   96.000000000000000        10600.000000000000     
   97.000000000000000        10730.000000000000     
   98.000000000000000        10860.000000000000     
   99.000000000000000        10990.000000000000     
   100.00000000000000        11120.000000000000     
   101.00000000000000        11250.000000000000     
   102.00000000000000        11380.000000000000     
   103.00000000000000        11510.000000000000     
   104.00000000000000        11640.000000000000     
   105.00000000000000        11770.000000000000     
   106.00000000000000        11900.000000000000     
   107.00000000000000        12030.000000000000     
   108.00000000000000        12160.000000000000     
   109.00000000000000        12290.000000000000     
   110.00000000000000        12420.000000000000     
   111.00000000000000        12550.000000000000     
   112.00000000000000        12680.000000000000     
   113.00000000000000        12810.000000000000     
   114.00000000000000        12940.000000000000     
   115.00000000000000        13070.000000000000     
   116.00000000000000        13200.000000000000     
   117.00000000000000        13330.000000000000     
   118.00000000000000        13460.000000000000     
   119.00000000000000        13590.000000000000     
   120.00000000000000        13720.000000000000     
   121.00000000000000        13850.000000000000     
   122.00000000000000        13980.000000000000     
   123.00000000000000        14110.000000000000     
   124.00000000000000        14240.000000000000     
   125.00000000000000        14370.000000000000     
   126.00000000000000        14500.000000000000     
   127.00000000000000        14630.000000000000     
   128.00000000000000        14760.000000000000     
   129.00000000000000        14890.000000000000     
   130.00000000000000        15020.000000000000     
   131.00000000000000        15150.000000000000     
   132.00000000000000        15280.000000000000     
   133.00000000000000        15410.000000000000     
   134.00000000000000        15540.000000000000     
   135.00000000000000        15670.000000000000     
   136.00000000000000        15800.000000000000     
   137.00000000000000        15930.000000000000     
   138.00000000000000        16060.000000000000     
   139.00000000000000        16190.000000000000     
   140.00000000000000        16320.000000000000     
   141.00000000000000        16450.000000000000     
   142.00000000000000        16580.000000000000     
   143.00000000000000        16710.000000000000     
   144.00000000000000        16840.000000000000     
   145.00000000000000        16970.000000000000     
   146.00000000000000        17100.000000000000     
   147.00000000000000        17230.000000000000     
   148.00000000000000        17360.000000000000     
   149.00000000000000        17490.000000000000     
   150.00000000000000        17620.000000000000     
   151.00000000000000        17750.000000000000     
   152.00000000000000        18060.000000000000     
   153.00000000000000        18240.000000000000     
   154.00000000000000        18420.000000000000     
   155.00000000000000        18600.000000000000     
   156.00000000000000        18780.000000000000     
   157.00000000000000        18960.000000000000     
   158.00000000000000        19140.000000000000     
   159.00000000000000        19320.000000000000     
   160.00000000000000        19500.000000000000     
   161.00000000000000        19680.000000000000     

   1.0000000000000000        100.00000000000000     
   2.0000000000000000        200.00000000000000     
   3.0000000000000000        300.00000000000000     
   4.0000000000000000        400.00000000000000     
   5.0000000000000000        500.00000000000000     
   6.0000000000000000        600.00000000000000     
   7.0000000000000000        700.00000000000000     
   8.0000000000000000        800.00000000000000     
   9.0000000000000000        900.00000000000000     
   10.000000000000000        1000.0000000000000     
   11.000000000000000        1100.0000000000000     
   12.000000000000000        1200.0000000000000     
   13.000000000000000        1300.0000000000000     
   14.000000000000000        1400.0000000000000     
   15.000000000000000        1500.0000000000000     
   16.000000000000000        1600.0000000000000     
   17.000000000000000        1700.0000000000000     
   18.000000000000000        1800.0000000000000     
   19.000000000000000        1900.0000000000000     
   20.000000000000000        2000.0000000000000     
   21.000000000000000        2100.0000000000000     
   22.000000000000000        2200.0000000000000     
   23.000000000000000        2300.0000000000000     
   24.000000000000000        2400.0000000000000     
   25.000000000000000        2500.0000000000000     
   26.000000000000000        2600.0000000000000     
   27.000000000000000        2700.0000000000000     
   28.000000000000000        2800.0000000000000     
   29.000000000000000        2900.0000000000000     
   30.000000000000000        3000.0000000000000     
   31.000000000000000        3100.0000000000000     
   32.000000000000000        3200.0000000000000     
   33.000000000000000        3300.0000000000000     
   34.000000000000000        3400.0000000000000     
   35.000000000000000        3500.0000000000000     
   36.000000000000000        3600.0000000000000     
   37.000000000000000        3700.0000000000000     
   38.000000000000000        3800.0000000000000     
   39.000000000000000        3900.0000000000000     
   40.000000000000000        4000.0000000000000     
   41.000000000000000        4100.0000000000000     
   42.000000000000000        4200.0000000000000     
   43.000000000000000        4300.0000000000000     
   44.000000000000000        4400.0000000000000     
   45.000000000000000        4500.0000000000000     
   46.000000000000000        4600.0000000000000     
   47.000000000000000        4700.0000000000000     
   48.000000000000000        4800.0000000000000     
   49.000000000000000        4900.0000000000000     
   50.000000000000000        5000.0000000000000     
   51.000000000000000        5100.0000000000000     
   52.000000000000000        5200.0000000000000     
   53.000000000000000        5300.0000000000000     
   54.000000000000000        5400.0000000000000     
   55.000000000000000        5500.0000000000000     
   56.000000000000000        5600.0000000000000     
   57.000000000000000        5700.0000000000000     
   58.000000000000000        5800.0000000000000     
   59.000000000000000        5900.0000000000000     
   60.000000000000000        6000.0000000000000     
   61.000000000000000        6100.0000000000000     
   62.000000000000000        6200.0000000000000     
   63.000000000000000        6300.0000000000000     
   64.000000000000000        6400.0000000000000     
   65.000000000000000        6500.0000000000000     
   66.000000000000000        6600.0000000000000     
   67.000000000000000        6830.0000000000000     
   68.000000000000000        6960.0000000000000     
   69.000000000000000        7090.0000000000000     
   70.000000000000000        7220.0000000000000     
   71.000000000000000        7350.0000000000000     
   72.000000000000000        7480.0000000000000     
   73.000000000000000        7610.0000000000000     
   74.000000000000000        7740.0000000000000     
   75.000000000000000        7870.0000000000000     
   76.000000000000000        8000.0000000000000     
   77.000000000000000        8130.0000000000000     
   78.000000000000000        8260.0000000000000     
   79.000000000000000        8390.0000000000000     
   80.000000000000000        8520.0000000000000     
   81.000000000000000        8650.0000000000000     
   82.000000000000000        8780.0000000000000     
   83.000000000000000        8910.0000000000000     
   84.000000000000000        9040.0000000000000     
   85.000000000000000        9170.0000000000000     
   86.000000000000000        9300.0000000000000     
   87.000000000000000        9430.0000000000000     
   88.000000000000000        9560.0000000000000     
   89.000000000000000        9690.0000000000000     
   90.000000000000000        9820.0000000000000     
   91.000000000000000        9950.0000000000000     
   92.000000000000000        10080.000000000000     
   93.000000000000000        10210.000000000000     
   94.000000000000000        10340.000000000000     
   95.000000000000000        10470.000000000000     
   96.000000000000000        10600.000000000000     
   97.000000000000000        10730.000000000000     
   98.000000000000000        10860.000000000000     
   99.000000000000000        10990.000000000000     
   100.00000000000000        11120.000000000000     
   101.00000000000000        11250.000000000000     
   102.00000000000000        11380.000000000000     
   103.00000000000000        11510.000000000000     
   104.00000000000000        11640.000000000000     
   105.00000000000000        11770.000000000000     
   106.00000000000000        11900.000000000000     
   107.00000000000000        12030.000000000000     
   108.00000000000000        12160.000000000000     
   109.00000000000000        12290.000000000000     
   110.00000000000000        12420.000000000000     
   111.00000000000000        12550.000000000000     
   112.00000000000000        12680.000000000000     
   113.00000000000000        12810.000000000000     
   114.00000000000000        12940.000000000000     
   115.00000000000000        13070.000000000000     
   116.00000000000000        13200.000000000000     
   117.00000000000000        13330.000000000000     
   118.00000000000000        13460.000000000000     
   119.00000000000000        13590.000000000000     
   120.00000000000000        13720.000000000000     
   121.00000000000000        13850.000000000000     
   122.00000000000000        13980.000000000000     
   123.00000000000000        14110.000000000000     
   124.00000000000000        14240.000000000000     
   125.00000000000000        14370.000000000000     
   126.00000000000000        14500.000000000000     
   127.00000000000000        14630.000000000000     
   128.00000000000000        14760.000000000000     
   129.00000000000000        14890.000000000000     
   130.00000000000000        15020.000000000000     
   131.00000000000000        15150.000000000000     
   132.00000000000000        15280.000000000000     
   133.00000000000000        15410.000000000000     
   134.00000000000000        15540.000000000000     
   135.00000000000000        15670.000000000000     
   136.00000000000000        15800.000000000000     
   137.00000000000000        15930.000000000000     
   138.00000000000000        16060.000000000000     
   139.00000000000000        16190.000000000000     
   140.00000000000000        16320.000000000000     
   141.00000000000000        16450.000000000000     
   142.00000000000000        16580.000000000000     
   143.00000000000000        16710.000000000000     
   144.00000000000000        16840.000000000000     
   145.00000000000000        16970.000000000000     
   146.00000000000000        17100.000000000000     
   147.00000000000000        17410.000000000000     
   148.00000000000000        17590.000000000000     
   149.00000000000000        17770.000000000000     
   150.00000000000000        17950.000000000000     
   151.00000000000000        18130.000000000000     
   152.00000000000000        18310.000000000000     
   153.00000000000000        18490.000000000000     
   154.00000000000000        18670.000000000000     
   155.00000000000000        18850.000000000000     
   156.00000000000000        19030.000000000000     
   157.00000000000000        19210.000000000000     
   158.00000000000000        19390.000000000000     
   159.00000000000000        19570.000000000000     
   160.00000000000000        19750.000000000000     

   1.0000000000000000        100.00000000000000     
   2.0000000000000000        200.00000000000000     
   3.0000000000000000        300.00000000000000     
   4.0000000000000000        400.00000000000000     
   5.0000000000000000        500.00000000000000     
   6.0000000000000000        600.00000000000000     
   7.0000000000000000        700.00000000000000     
   8.0000000000000000        800.00000000000000     
   9.0000000000000000        900.00000000000000     
   10.000000000000000        1000.0000000000000     
   11.000000000000000        1100.0000000000000     
   12.000000000000000        1200.0000000000000     
   13.000000000000000        1300.0000000000000     
   14.000000000000000        1400.0000000000000     
   15.000000000000000        1500.0000000000000     
   16.000000000000000        1600.0000000000000     
   17.000000000000000        1700.0000000000000     
   18.000000000000000        1800.0000000000000     
   19.000000000000000        1900.0000000000000     
   20.000000000000000        2000.0000000000000     
   21.000000000000000        2100.0000000000000     
   22.000000000000000        2200.0000000000000     
   23.000000000000000        2300.0000000000000     
   24.000000000000000        2400.0000000000000     
   25.000000000000000        2500.0000000000000     
   26.000000000000000        2600.0000000000000     
   27.000000000000000        2700.0000000000000     
   28.000000000000000        2800.0000000000000     
   29.000000000000000        2900.0000000000000     
   30.000000000000000        3000.0000000000000     
   31.000000000000000        3100.0000000000000     
   32.000000000000000        3200.0000000000000     
   33.000000000000000        3300.0000000000000     
   34.000000000000000        3400.0000000000000     
   35.000000000000000        3500.0000000000000     
   36.000000000000000        3600.0000000000000     
   37.000000000000000        3700.0000000000000     
   38.000000000000000        3800.0000000000000     
   39.000000000000000        3900.0000000000000     
   40.000000000000000        4000.0000000000000     
   41.000000000000000        4100.0000000000000     
   42.000000000000000        4200.0000000000000     
   43.000000000000000        4300.0000000000000     
   44.000000000000000        4400.0000000000000     
   45.000000000000000        4500.0000000000000     
   46.000000000000000        4600.0000000000000     
   47.000000000000000        4700.0000000000000     
   48.000000000000000        4800.0000000000000     
   49.000000000000000        4900.0000000000000     
   50.000000000000000        5000.0000000000000     
   51.000000000000000        5100.0000000000000     
   52.000000000000000        5200.0000000000000     
   53.000000000000000        5300.0000000000000     
   54.000000000000000        5400.0000000000000     
   55.000000000000000        5500.0000000000000     
   56.000000000000000        5600.0000000000000     
   57.000000000000000        5700.0000000000000     
   58.000000000000000        5800.0000000000000     
   59.000000000000000        5900.0000000000000     
   60.000000000000000        6000.0000000000000     
   61.000000000000000        6100.0000000000000     
   62.000000000000000        6200.0000000000000     
   63.000000000000000        6300.0000000000000     
   64.000000000000000        6400.0000000000000     
   65.000000000000000        6500.0000000000000     
   66.000000000000000        6600.0000000000000     
   67.000000000000000        6830.0000000000000     
   68.000000000000000        6960.0000000000000     
   69.000000000000000        7090.0000000000000     
   70.000000000000000        7220.0000000000000     
   71.000000000000000        7350.0000000000000     
   72.000000000000000        7480.0000000000000     
   73.000000000000000        7610.0000000000000     
   74.000000000000000        7740.0000000000000     
   75.000000000000000        7870.0000000000000     
   76.000000000000000        8000.0000000000000     
   77.000000000000000        8130.0000000000000     
   78.000000000000000        8260.0000000000000     
   79.000000000000000        8390.0000000000000     
   80.000000000000000        8520.0000000000000     
   81.000000000000000        8650.0000000000000     
   82.000000000000000        8780.0000000000000     
   83.000000000000000        8910.0000000000000     
   84.000000000000000        9040.0000000000000     
   85.000000000000000        9170.0000000000000     
   86.000000000000000        9300.0000000000000     
   87.000000000000000        9430.0000000000000     
   88.000000000000000        9560.0000000000000     
   89.000000000000000        9690.0000000000000     
   90.000000000000000        9820.0000000000000     
   91.000000000000000        9950.0000000000000     
   92.000000000000000        10080.000000000000     
   93.000000000000000        10210.000000000000     
   94.000000000000000        10340.000000000000     
   95.000000000000000        10470.000000000000     
   96.000000000000000        10600.000000000000     
   97.000000000000000        10730.000000000000     
   98.000000000000000        10860.000000000000     
   99.000000000000000        10990.000000000000     
   100.00000000000000        11120.000000000000     
   101.00000000000000        11250.000000000000     
   102.00000000000000        11380.000000000000     
   103.00000000000000        11510.000000000000     
   104.00000000000000        11640.000000000000     
   105.00000000000000        11770.000000000000     
   106.00000000000000        11900.000000000000     
   107.00000000000000        12030.000000000000     
   108.00000000000000        12160.000000000000     
   109.00000000000000        12290.000000000000     
   110.00000000000000        12420.000000000000     
   111.00000000000000        12550.000000000000     
   112.00000000000000        12680.000000000000     
   113.00000000000000        12810.000000000000     
   114.00000000000000        12940.000000000000     
   115.00000000000000        13070.000000000000     
   116.00000000000000        13200.000000000000     
   117.00000000000000        13330.000000000000     
   118.00000000000000        13460.000000000000     
   119.00000000000000        13590.000000000000     
   120.00000000000000        13720.000000000000     
   121.00000000000000        13850.000000000000     
   122.00000000000000        13980.000000000000     
   123.00000000000000        14110.000000000000     
   124.00000000000000        14240.000000000000     
   125.00000000000000        14370.000000000000     
   126.00000000000000        14500.000000000000     
   127.00000000000000        14630.000000000000     
   128.00000000000000        14760.000000000000     
   129.00000000000000        14890.000000000000     
   130.00000000000000        15020.000000000000     
   131.00000000000000        15150.000000000000     
   132.00000000000000        15280.000000000000     
   133.00000000000000        15410.000000000000     
   134.00000000000000        15540.000000000000     
   135.00000000000000        15670.000000000000     
   136.00000000000000        15800.000000000000     
   137.00000000000000        15930.000000000000     
   138.00000000000000        16060.000000000000     
   139.00000000000000        16190.000000000000     
   140.00000000000000        16320.000000000000     
   141.00000000000000        16450.000000000000     
   142.00000000000000        16580.000000000000     
   143.00000000000000        16710.000000000000     
   144.00000000000000        16840.000000000000     
   145.00000000000000        16970.000000000000     
   146.00000000000000        17100.000000000000     
   147.00000000000000        17230.000000000000     
   148.00000000000000        17360.000000000000     
   149.00000000000000        17490.000000000000     
   150.00000000000000        17620.000000000000     
   151.00000000000000        17750.000000000000     
   152.00000000000000        18060.000000000000     
   153.00000000000000        18240.000000000000     
   154.00000000000000        18420.000000000000     
   155.00000000000000        18600.000000000000     
   156.00000000000000        18780.000000000000     
   157.00000000000000        18960.000000000000     
   158.00000000000000        19140.000000000000     
   159.00000000000000        19320.000000000000     
   160.00000000000000        19500.000000000000     
   161.00000000000000        19680.000000000000     

   1.0000000000000000        100.00000000000000     
   2.0000000000000000        200.00000000000000     
   3.0000000000000000        300.00000000000000     
   4.0000000000000000        400.00000000000000     
   5.0000000000000000        500.00000000000000     
   6.0000000000000000        600.00000000000000     
   7.0000000000000000        700.00000000000000     
   8.0000000000000000        800.00000000000000     
   9.0000000000000000        900.00000000000000     
   10.000000000000000        1000.0000000000000     
   11.000000000000000        1100.0000000000000     
   12.000000000000000        1200.0000000000000     
   13.000000000000000        1300.0000000000000     
   14.000000000000000        1400.0000000000000     
   15.000000000000000        1500.0000000000000     
   16.000000000000000        1600.0000000000000     
   17.000000000000000        1700.0000000000000     
   18.000000000000000        1800.0000000000000     
   19.000000000000000        1900.0000000000000     
   20.000000000000000        2000.0000000000000     
   21.000000000000000        2100.0000000000000     
   22.000000000000000        2200.0000000000000     
   23.000000000000000        2300.0000000000000     
   24.000000000000000        2400.0000000000000     
   25.000000000000000        2500.0000000000000     
   26.000000000000000        2600.0000000000000     
   27.000000000000000        2700.0000000000000     
   28.000000000000000        2800.0000000000000     
   29.000000000000000        2900.0000000000000     
   30.000000000000000        3000.0000000000000     
   31.000000000000000        3100.0000000000000     
   32.000000000000000        3200.0000000000000     
   33.000000000000000        3300.0000000000000     
   34.000000000000000        3400.0000000000000     
   35.000000000000000        3500.0000000000000     
   36.000000000000000        3600.0000000000000     
   37.000000000000000        3700.0000000000000     
   38.000000000000000        3800.0000000000000     
   39.000000000000000        3900.0000000000000     
   40.000000000000000        4000.0000000000000     
   41.000000000000000        4100.0000000000000     
   42.000000000000000        4200.0000000000000     
   43.000000000000000        4300.0000000000000     
   44.000000000000000        4400.0000000000000     
   45.000000000000000        4500.0000000000000     
   46.000000000000000        4600.0000000000000     
   47.000000000000000        4700.0000000000000     
   48.000000000000000        4800.0000000000000     
   49.000000000000000        4900.0000000000000     
   50.000000000000000        5000.0000000000000     
   51.000000000000000        5100.0000000000000     
   52.000000000000000        5200.0000000000000     
   53.000000000000000        5300.0000000000000     
   54.000000000000000        5400.0000000000000     
   55.000000000000000        5500.0000000000000     
   56.000000000000000        5600.0000000000000     
   57.000000000000000        5700.0000000000000     
   58.000000000000000        5800.0000000000000     
   59.000000000000000        5900.0000000000000     
   60.000000000000000        6000.0000000000000     
   61.000000000000000        6100.0000000000000     
   62.000000000000000        6200.0000000000000     
   63.000000000000000        6300.0000000000000     
   64.000000000000000        6400.0000000000000     
   65.000000000000000        6500.0000000000000     
   66.000000000000000        6600.0000000000000     
   67.000000000000000        6830.0000000000000     
   68.000000000000000        6960.0000000000000     
   69.000000000000000        7090.0000000000000     
   70.000000000000000        7220.0000000000000     
   71.000000000000000        7350.0000000000000     
   72.000000000000000        7480.0000000000000     
   73.000000000000000        7610.0000000000000     
   74.000000000000000        7740.0000000000000     
   75.000000000000000        7870.0000000000000     
   76.000000000000000        8000.0000000000000     
   77.000000000000000        8130.0000000000000     
   78.000000000000000        8260.0000000000000     
   79.000000000000000        8390.0000000000000     
   80.000000000000000        8520.0000000000000     
   81.000000000000000        8650.0000000000000     
   82.000000000000000        8780.0000000000000     
   83.000000000000000        8910.0000000000000     
   84.000000000000000        9040.0000000000000     
   85.000000000000000        9170.0000000000000     
   86.000000000000000        9300.0000000000000     
   87.000000000000000        9430.0000000000000     
   88.000000000000000        9560.0000000000000     
   89.000000000000000        9690.0000000000000     
   90.000000000000000        9820.0000000000000     
   91.000000000000000        9950.0000000000000     
   92.000000000000000        10080.000000000000     
   93.000000000000000        10210.000000000000     
   94.000000000000000        10340.000000000000     
   95.000000000000000        10470.000000000000     
   96.000000000000000        10600.000000000000     
   97.000000000000000        10730.000000000000     
   98.000000000000000        10860.000000000000     
   99.000000000000000        10990.000000000000     
   100.00000000000000        11120.000000000000     
   101.00000000000000        11250.000000000000     
   102.00000000000000        11380.000000000000     
   103.00000000000000        11510.000000000000     
   104.00000000000000        11640.000000000000     
   105.00000000000000        11770.000000000000     
   106.00000000000000        11900.000000000000     
   107.00000000000000        12030.000000000000     
   108.00000000000000        12160.000000000000     
   109.00000000000000        12290.000000000000     
   110.00000000000000        12420.000000000000     
   111.00000000000000        12550.000000000000     
   112.00000000000000        12680.000000000000     
   113.00000000000000        12810.000000000000     
   114.00000000000000        12940.000000000000     
   115.00000000000000        13070.000000000000     
   116.00000000000000        13200.000000000000     
   117.00000000000000        13330.000000000000     
   118.00000000000000        13460.000000000000     
   119.00000000000000        13590.000000000000     
   120.00000000000000        13720.000000000000     
   121.00000000000000        13850.000000000000     
   122.00000000000000        13980.000000000000     
   123.00000000000000        14110.000000000000     
   124.00000000000000        14240.000000000000     
   125.00000000000000        14370.000000000000     
   126.00000000000000        14500.000000000000     
   127.00000000000000        14630.000000000000     
   128.00000000000000        14760.000000000000     
   129.00000000000000        14890.000000000000     
   130.00000000000000        15020.000000000000     
   131.00000000000000        15150.000000000000     
   132.00000000000000        15280.000000000000     
   133.00000000000000        15410.000000000000     
   134.00000000000000        15540.000000000000     
   135.00000000000000        15670.000000000000     
   136.00000000000000        15800.000000000000     
   137.00000000000000        15930.000000000000     
   138.00000000000000        16060.000000000000     
   139.00000000000000        16190.000000000000     
   140.00000000000000        16320.000000000000     
   141.00000000000000        16450.000000000000     
   142.00000000000000        16580.000000000000     
   143.00000000000000        16710.000000000000     
   144.00000000000000        16840.000000000000     
   145.00000000000000        16970.000000000000     
   146.00000000000000        17100.000000000000     
   147.00000000000000        17230.000000000000     
   148.00000000000000        17540.000000000000     
   149.00000000000000        17720.000000000000     
   150.00000000000000        17900.000000000000     
   151.00000000000000        18080.000000000000     
   152.00000000000000        18260.000000000000     
   153.00000000000000        18440.000000000000     
   154.00000000000000        18620.000000000000     
   155.00000000000000        18800.000000000000     
   156.00000000000000        18980.000000000000     
   157.00000000000000        19160.000000000000     
   158.00000000000000        19340.000000000000     
   159.00000000000000        19520.000000000000     
   160.00000000000000        19700.000000000000     

   1.0000000000000000        100.00000000000000     
   2.0000000000000000        200.00000000000000     
   3.0000000000000000        300.00000000000000     
   4.0000000000000000        400.00000000000000     
   5.0000000000000000        500.00000000000000     
   6.0000000000000000        600.00000000000000     
   7.0000000000000000        700.00000000000000     
   8.0000000000000000        800.00000000000000     
   9.0000000000000000        900.00000000000000     
   10.000000000000000        1000.0000000000000     
   11.000000000000000        1100.0000000000000     
   12.000000000000000        1200.0000000000000     
   13.000000000000000        1300.0000000000000     
   14.000000000000000        1400.0000000000000     
   15.000000000000000        1500.0000000000000     
   16.000000000000000        1600.0000000000000     
   17.000000000000000        1700.0000000000000     
   18.000000000000000        1800.0000000000000     
   19.000000000000000        1900.0000000000000     
   20.000000000000000        2000.0000000000000     
   21.000000000000000        2100.0000000000000     
   22.000000000000000        2200.0000000000000     
   23.000000000000000        2300.0000000000000     
   24.000000000000000        2400.0000000000000     
   25.000000000000000        2500.0000000000000     
   26.000000000000000        2600.0000000000000     
   27.000000000000000        2700.0000000000000     
   28.000000000000000        2800.0000000000000     
   29.000000000000000        2900.0000000000000     
   30.000000000000000        3000.0000000000000     
   31.000000000000000        3100.0000000000000     
   32.000000000000000        3200.0000000000000     
   33.000000000000000        3300.0000000000000     
   34.000000000000000        3400.0000000000000     
   35.000000000000000        3500.0000000000000     
   36.000000000000000        3600.0000000000000     
   37.000000000000000        3700.0000000000000     
   38.000000000000000        3800.0000000000000     
   39.000000000000000        3900.0000000000000     
   40.000000000000000        4000.0000000000000     
   41.000000000000000        4100.0000000000000     
   42.000000000000000        4200.0000000000000     
   43.000000000000000        4300.0000000000000     
   44.000000000000000        4400.0000000000000     
   45.000000000000000        4500.0000000000000     
   46.000000000000000        4600.0000000000000     
   47.000000000000000        4700.0000000000000     
   48.000000000000000        4800.0000000000000     
   49.000000000000000        4900.0000000000000     
   50.000000000000000        5000.0000000000000     
   51.000000000000000        5100.0000000000000     
   52.000000000000000        5200.0000000000000     
   53.000000000000000        5300.0000000000000     
   54.000000000000000        5400.0000000000000     
   55.000000000000000        5500.0000000000000     
   56.000000000000000        5600.0000000000000     
   57.000000000000000        5700.0000000000000     
   58.000000000000000        5800.0000000000000     
   59.000000000000000        5900.0000000000000     
   60.000000000000000        6000.0000000000000     
   61.000000000000000        6100.0000000000000     
   62.000000000000000        6200.0000000000000     
   63.000000000000000        6300.0000000000000     
   64.000000000000000        6400.0000000000000     
   65.000000000000000        6500.0000000000000     
   66.000000000000000        6600.0000000000000     
   67.000000000000000        6830.0000000000000     
   68.000000000000000        6960.0000000000000     
   69.000000000000000        7090.0000000000000     
   70.000000000000000        7220.0000000000000     
   71.000000000000000        7350.0000000000000     
   72.000000000000000        7480.0000000000000     
   73.000000000000000        7610.0000000000000     
   74.000000000000000        7740.0000000000000     
   75.000000000000000        7870.0000000000000     
   76.000000000000000        8000.0000000000000     
   77.000000000000000        8130.0000000000000     
   78.000000000000000        8260.0000000000000     
   79.000000000000000        8390.0000000000000     
   80.000000000000000        8520.0000000000000     
   81.000000000000000        8650.0000000000000     
   82.000000000000000        8780.0000000000000     
   83.000000000000000        8910.0000000000000     
   84.000000000000000        9040.0000000000000     
   85.000000000000000        9170.0000000000000     
   86.000000000000000        9300.0000000000000     
   87.000000000000000        9430.0000000000000     
   88.000000000000000        9560.0000000000000     
   89.000000000000000        9690.0000000000000     
   90.000000000000000        9820.0000000000000     
   91.000000000000000        9950.0000000000000     
   92.000000000000000        10080.000000000000     
   93.000000000000000        10210.000000000000     
   94.000000000000000        10340.000000000000     
   95.000000000000000        10470.000000000000     
   96.000000000000000        10600.000000000000     
   97.000000000000000        10730.000000000000     
   98.000000000000000        10860.000000000000     
   99.000000000000000        10990.000000000000     
   100.00000000000000        11120.000000000000     
   101.00000000000000        11250.000000000000     
   102.00000000000000        11380.000000000000     
   103.00000000000000        11510.000000000000     
   104.00000000000000        11640.000000000000     
   105.00000000000000        11770.000000000000     
   106.00000000000000        11900.000000000000     
   107.00000000000000        12030.000000000000     
   108.00000000000000        12160.000000000000     
   109.00000000000000        12290.000000000000     
   110.00000000000000        12420.000000000000     
   111.00000000000000        12550.000000000000     
   112.00000000000000        12680.000000000000     
   113.00000000000000        12810.000000000000     
   114.00000000000000        12940.000000000000     
   115.00000000000000        13070.000000000000     
   116.00000000000000        13200.000000000000     
   117.00000000000000        13330.000000000000     
   118.00000000000000        13460.000000000000     
   119.00000000000000        13590.000000000000     
   120.00000000000000        13720.000000000000     
   121.00000000000000        13850.000000000000     
   122.00000000000000        13980.000000000000     
   123.00000000000000        14110.000000000000     
   124.00000000000000        14240.000000000000     
   125.00000000000000        14370.000000000000     
   126.00000000000000        14500.000000000000     
   127.00000000000000        14630.000000000000     
   128.00000000000000        14760.000000000000     
   129.00000000000000        14890.000000000000     
   130.00000000000000        15020.000000000000     
   131.00000000000000        15150.000000000000     
   132.00000000000000        15280.000000000000     
   133.00000000000000        15410.000000000000     
   134.00000000000000        15540.000000000000     
   135.00000000000000        15670.000000000000     
   136.00000000000000        15800.000000000000     
   137.00000000000000        15930.000000000000     
   138.00000000000000        16060.000000000000     
   139.00000000000000        16190.000000000000     
   140.00000000000000        16320.000000000000     
   141.00000000000000        16450.000000000000     
   142.00000000000000        16580.000000000000     
   143.00000000000000        16710.000000000000     
   144.00000000000000        16840.000000000000     
   145.00000000000000        16970.000000000000     
   146.00000000000000        17280.000000000000     
   147.00000000000000        17460.000000000000     
   148.00000000000000        17640.000000000000     
   149.00000000000000        17820.000000000000     
   150.00000000000000        18000.000000000000     

