   1.0000000000000000        38.533483099789748     
   2.0000000000000000        77.066966199579497     
   3.0000000000000000        115.60044929936925     
   4.0000000000000000        154.13393239915899     
   5.0000000000000000        192.66741549894874     
   6.0000000000000000        231.20089859873849     
   7.0000000000000000        269.73438169852824     
   8.0000000000000000        308.26786479831799     
   9.0000000000000000        346.80134789810774     
   10.000000000000000        385.33483099789748     
   11.000000000000000        423.86831409768723     
   12.000000000000000        462.40179719747698     
   13.000000000000000        500.93528029726673     
   14.000000000000000        539.46876339705648     
   15.000000000000000        578.00224649684628     
   16.000000000000000        616.53572959663597     
   17.000000000000000        655.06921269642567     
   18.000000000000000        693.60269579621536     
   19.000000000000000        732.13617889600505     
   20.000000000000000        770.66966199579474     
   21.000000000000000        809.20314509558443     
   22.000000000000000        847.73662819537412     
   23.000000000000000        886.27011129516382     
   24.000000000000000        924.80359439495351     
   25.000000000000000        963.33707749474320     
   26.000000000000000        1001.8705605945329     
   27.000000000000000        1040.4040436943226     
   28.000000000000000        1078.9375267941123     
   29.000000000000000        1117.4710098939020     
   30.000000000000000        1156.0044929936917     
   31.000000000000000        1194.5379760934813     
   32.000000000000000        1233.0714591932710     
   33.000000000000000        1271.6049422930607     
   34.000000000000000        1310.1384253928504     
   35.000000000000000        1348.6719084926401     
   36.000000000000000        1387.2053915924298     
   37.000000000000000        1425.7388746922195     
   38.000000000000000        1464.2723577920092     
   39.000000000000000        1502.8058408917989     
   40.000000000000000        1541.3393239915886     
   41.000000000000000        1579.8728070913783     
   42.000000000000000        1618.4062901911680     
   43.000000000000000        1656.9397732909576     
   44.000000000000000        1695.4732563907473     
   45.000000000000000        1734.0067394905370     
   46.000000000000000        1772.5402225903267     
   47.000000000000000        1811.0737056901164     
   48.000000000000000        1849.6071887899061     
   49.000000000000000        1888.1406718896958     
   50.000000000000000        1926.6741549894855     
   51.000000000000000        1965.2076380892752     
   52.000000000000000        2003.7411211890649     
   53.000000000000000        2042.2746042888546     
   54.000000000000000        2080.8080873886443     
   55.000000000000000        2119.3415704884342     
   56.000000000000000        2157.8750535882241     
   57.000000000000000        2196.4085366880140     
   58.000000000000000        2234.9420197878039     
   59.000000000000000        2273.4755028875938     
   60.000000000000000        2380.5424690871737     
   61.000000000000000        2449.0759521869636     
   62.000000000000000        2517.6094352867535     
   63.000000000000000        2586.1429183865434     
   64.000000000000000        2654.6764014863334     
   65.000000000000000        2723.2098845861233     
   66.000000000000000        2791.7433676859132     
   67.000000000000000        2860.2768507857031     
   68.000000000000000        2928.8103338854930     
   69.000000000000000        2997.3438169852830     
   70.000000000000000        3065.8773000850729     
   71.000000000000000        3134.4107831848628     
   72.000000000000000        3202.9442662846527     
   73.000000000000000        3271.4777493844426     
   74.000000000000000        3340.0112324842326     
   75.000000000000000        3408.5447155840225     
   76.000000000000000        3477.0781986838124     
   77.000000000000000        3545.6116817836023     
   78.000000000000000        3614.1451648833922     
   79.000000000000000        3682.6786479831821     
   80.000000000000000        3751.2121310829721     
   81.000000000000000        3819.7456141827620     
   82.000000000000000        3888.2790972825519     
   83.000000000000000        3956.8125803823418     
   84.000000000000000        4025.3460634821317     
   85.000000000000000        4093.8795465819217     
   86.000000000000000        4162.4130296817111     
   87.000000000000000        4230.9465127815010     
   88.000000000000000        4299.4799958812910     
   89.000000000000000        4368.0134789810809     
   90.000000000000000        4436.5469620808708     
   91.000000000000000        4505.0804451806607     
   92.000000000000000        4573.6139282804506     
   93.000000000000000        4642.1474113802406     
   94.000000000000000        4710.6808944800305     
   95.000000000000000        4779.2143775798204     
   96.000000000000000        4847.7478606796103     
   97.000000000000000        4916.2813437794002     
   98.000000000000000        4984.8148268791902     
   99.000000000000000        5053.3483099789801     
   100.00000000000000        5121.8817930787700     
   101.00000000000000        5190.4152761785599     
   102.00000000000000        5258.9487592783498     
   103.00000000000000        5327.4822423781397     
   104.00000000000000        5396.0157254779297     
   105.00000000000000        5464.5492085777196     
   106.00000000000000        5533.0826916775095     
   107.00000000000000        5601.6161747772994     
   108.00000000000000        5670.1496578770893     
   109.00000000000000        5738.6831409768793     
   110.00000000000000        5807.2166240766692     
   111.00000000000000        5875.7501071764591     
   112.00000000000000        5944.2835902762490     
   113.00000000000000        6012.8170733760389     
   114.00000000000000        6081.3505564758289     
   115.00000000000000        6149.8840395756188     
   116.00000000000000        6218.4175226754087     
   117.00000000000000        6286.9510057751986     
   118.00000000000000        6355.4844888749885     
   119.00000000000000        6424.0179719747784     
   120.00000000000000        6492.5514550745684     
   121.00000000000000        6561.0849381743583     
   122.00000000000000        6629.6184212741482     
   123.00000000000000        6698.1519043739381     
   124.00000000000000        6766.6853874737280     
   125.00000000000000        6835.2188705735180     
   126.00000000000000        6903.7523536733079     
   127.00000000000000        6972.2858367730978     
   128.00000000000000        7040.8193198728877     
   129.00000000000000        7227.8862860724676     
   130.00000000000000        7346.4197691722575     
   131.00000000000000        7464.9532522720474     
   132.00000000000000        7583.4867353718373     
   133.00000000000000        7702.0202184716272     
   134.00000000000000        7820.5537015714172     
   135.00000000000000        7939.0871846712071     
   136.00000000000000        8057.6206677709970     
   137.00000000000000        8176.1541508707869     
   138.00000000000000        8294.6876339705759     
   139.00000000000000        8413.2211170703649     
   140.00000000000000        8531.7546001701539     
   141.00000000000000        8650.2880832699429     
   142.00000000000000        8768.8215663697320     
   143.00000000000000        8887.3550494695210     

   1.0000000000000000        38.533483099789748     
   2.0000000000000000        77.066966199579497     
   3.0000000000000000        115.60044929936925     
   4.0000000000000000        154.13393239915899     
   5.0000000000000000        192.66741549894874     
   6.0000000000000000        231.20089859873849     
   7.0000000000000000        269.73438169852824     
   8.0000000000000000        308.26786479831799     
   9.0000000000000000        346.80134789810774     
   10.000000000000000        385.33483099789748     
   11.000000000000000        423.86831409768723     
   12.000000000000000        462.40179719747698     
   13.000000000000000        500.93528029726673     
   14.000000000000000        539.46876339705648     
   15.000000000000000        578.00224649684628     
   16.000000000000000        616.53572959663597     
   17.000000000000000        655.06921269642567     
   18.000000000000000        693.60269579621536     
   19.000000000000000        732.13617889600505     
   20.000000000000000        770.66966199579474     
   21.000000000000000        809.20314509558443     
   22.000000000000000        847.73662819537412     
   23.000000000000000        886.27011129516382     
   24.000000000000000        924.80359439495351     
   25.000000000000000        963.33707749474320     
   26.000000000000000        1001.8705605945329     
   27.000000000000000        1040.4040436943226     
   28.000000000000000        1078.9375267941123     
   29.000000000000000        1117.4710098939020     
   30.000000000000000        1156.0044929936917     
   31.000000000000000        1194.5379760934813     
   32.000000000000000        1233.0714591932710     
   33.000000000000000        1271.6049422930607     
   34.000000000000000        1310.1384253928504     
   35.000000000000000        1348.6719084926401     
   36.000000000000000        1387.2053915924298     
   37.000000000000000        1425.7388746922195     
   38.000000000000000        1464.2723577920092     
   39.000000000000000        1502.8058408917989     
   40.000000000000000        1541.3393239915886     
   41.000000000000000        1579.8728070913783     
   42.000000000000000        1618.4062901911680     
   43.000000000000000        1656.9397732909576     
   44.000000000000000        1695.4732563907473     
   45.000000000000000        1734.0067394905370     
   46.000000000000000        1772.5402225903267     
   47.000000000000000        1811.0737056901164     
   48.000000000000000        1849.6071887899061     
   49.000000000000000        1888.1406718896958     
   50.000000000000000        1926.6741549894855     
   51.000000000000000        1965.2076380892752     
   52.000000000000000        2003.7411211890649     
   53.000000000000000        2042.2746042888546     
   54.000000000000000        2080.8080873886443     
   55.000000000000000        2119.3415704884342     
   56.000000000000000        2157.8750535882241     
   57.000000000000000        2196.4085366880140     
   58.000000000000000        2234.9420197878039     
   59.000000000000000        2273.4755028875938     
   60.000000000000000        2380.5424690871737     
   61.000000000000000        2449.0759521869636     
   62.000000000000000        2517.6094352867535     
   63.000000000000000        2586.1429183865434     
   64.000000000000000        2654.6764014863334     
   65.000000000000000        2723.2098845861233     
   66.000000000000000        2791.7433676859132     
   67.000000000000000        2860.2768507857031     
   68.000000000000000        2928.8103338854930     
   69.000000000000000        2997.3438169852830     
   70.000000000000000        3065.8773000850729     
   71.000000000000000        3134.4107831848628     
   72.000000000000000        3202.9442662846527     
   73.000000000000000        3271.4777493844426     
   74.000000000000000        3340.0112324842326     
   75.000000000000000        3408.5447155840225     
   76.000000000000000        3477.0781986838124     
   77.000000000000000        3545.6116817836023     
   78.000000000000000        3614.1451648833922     
   79.000000000000000        3682.6786479831821     
   80.000000000000000        3751.2121310829721     
   81.000000000000000        3819.7456141827620     
   82.000000000000000        3888.2790972825519     
   83.000000000000000        3956.8125803823418     
   84.000000000000000        4025.3460634821317     
   85.000000000000000        4093.8795465819217     
   86.000000000000000        4162.4130296817111     
   87.000000000000000        4230.9465127815010     
   88.000000000000000        4299.4799958812910     
   89.000000000000000        4368.0134789810809     
   90.000000000000000        4436.5469620808708     
   91.000000000000000        4505.0804451806607     
   92.000000000000000        4573.6139282804506     
   93.000000000000000        4642.1474113802406     
   94.000000000000000        4710.6808944800305     
   95.000000000000000        4779.2143775798204     
   96.000000000000000        4847.7478606796103     
   97.000000000000000        4916.2813437794002     
   98.000000000000000        4984.8148268791902     
   99.000000000000000        5053.3483099789801     
   100.00000000000000        5121.8817930787700     
   101.00000000000000        5190.4152761785599     
   102.00000000000000        5258.9487592783498     
   103.00000000000000        5327.4822423781397     
   104.00000000000000        5396.0157254779297     
   105.00000000000000        5464.5492085777196     
   106.00000000000000        5533.0826916775095     
   107.00000000000000        5601.6161747772994     
   108.00000000000000        5670.1496578770893     
   109.00000000000000        5738.6831409768793     
   110.00000000000000        5807.2166240766692     
   111.00000000000000        5875.7501071764591     
   112.00000000000000        5944.2835902762490     
   113.00000000000000        6012.8170733760389     
   114.00000000000000        6081.3505564758289     
   115.00000000000000        6149.8840395756188     
   116.00000000000000        6218.4175226754087     
   117.00000000000000        6286.9510057751986     
   118.00000000000000        6355.4844888749885     
   119.00000000000000        6424.0179719747784     
   120.00000000000000        6492.5514550745684     
   121.00000000000000        6561.0849381743583     
   122.00000000000000        6629.6184212741482     
   123.00000000000000        6698.1519043739381     
   124.00000000000000        6766.6853874737280     
   125.00000000000000        6835.2188705735180     
   126.00000000000000        6903.7523536733079     
   127.00000000000000        6972.2858367730978     
   128.00000000000000        7040.8193198728877     
   129.00000000000000        7109.3528029726776     
   130.00000000000000        7177.8862860724676     
   131.00000000000000        7246.4197691722575     
   132.00000000000000        7314.9532522720474     
   133.00000000000000        7383.4867353718373     
   134.00000000000000        7452.0202184716272     
   135.00000000000000        7639.0871846712071     
   136.00000000000000        7757.6206677709970     
   137.00000000000000        7876.1541508707869     
   138.00000000000000        7994.6876339705768     
   139.00000000000000        8113.2211170703667     
   140.00000000000000        8231.7546001701558     
   141.00000000000000        8350.2880832699448     
   142.00000000000000        8468.8215663697338     
   143.00000000000000        8587.3550494695228     
   144.00000000000000        8705.8885325693118     
   145.00000000000000        8824.4220156691008     
   146.00000000000000        8942.9554987688898     
   147.00000000000000        9061.4889818686788     

   1.0000000000000000        38.533483099789748     
   2.0000000000000000        77.066966199579497     
   3.0000000000000000        115.60044929936925     
   4.0000000000000000        154.13393239915899     
   5.0000000000000000        192.66741549894874     
   6.0000000000000000        231.20089859873849     
   7.0000000000000000        269.73438169852824     
   8.0000000000000000        308.26786479831799     
   9.0000000000000000        346.80134789810774     
   10.000000000000000        385.33483099789748     
   11.000000000000000        423.86831409768723     
   12.000000000000000        462.40179719747698     
   13.000000000000000        500.93528029726673     
   14.000000000000000        539.46876339705648     
   15.000000000000000        578.00224649684628     
   16.000000000000000        616.53572959663597     
   17.000000000000000        655.06921269642567     
   18.000000000000000        693.60269579621536     
   19.000000000000000        732.13617889600505     
   20.000000000000000        770.66966199579474     
   21.000000000000000        809.20314509558443     
   22.000000000000000        847.73662819537412     
   23.000000000000000        886.27011129516382     
   24.000000000000000        924.80359439495351     
   25.000000000000000        963.33707749474320     
   26.000000000000000        1001.8705605945329     
   27.000000000000000        1040.4040436943226     
   28.000000000000000        1078.9375267941123     
   29.000000000000000        1117.4710098939020     
   30.000000000000000        1156.0044929936917     
   31.000000000000000        1194.5379760934813     
   32.000000000000000        1233.0714591932710     
   33.000000000000000        1271.6049422930607     
   34.000000000000000        1310.1384253928504     
   35.000000000000000        1348.6719084926401     
   36.000000000000000        1387.2053915924298     
   37.000000000000000        1425.7388746922195     
   38.000000000000000        1464.2723577920092     
   39.000000000000000        1502.8058408917989     
   40.000000000000000        1541.3393239915886     
   41.000000000000000        1579.8728070913783     
   42.000000000000000        1618.4062901911680     
   43.000000000000000        1656.9397732909576     
   44.000000000000000        1695.4732563907473     
   45.000000000000000        1734.0067394905370     
   46.000000000000000        1772.5402225903267     
   47.000000000000000        1811.0737056901164     
   48.000000000000000        1849.6071887899061     
   49.000000000000000        1888.1406718896958     
   50.000000000000000        1926.6741549894855     
   51.000000000000000        1965.2076380892752     
   52.000000000000000        2003.7411211890649     
   53.000000000000000        2042.2746042888546     
   54.000000000000000        2080.8080873886443     
   55.000000000000000        2119.3415704884342     
   56.000000000000000        2157.8750535882241     
   57.000000000000000        2196.4085366880140     
   58.000000000000000        2234.9420197878039     
   59.000000000000000        2273.4755028875938     
   60.000000000000000        2380.5424690871737     
   61.000000000000000        2449.0759521869636     
   62.000000000000000        2517.6094352867535     
   63.000000000000000        2586.1429183865434     
   64.000000000000000        2654.6764014863334     
   65.000000000000000        2723.2098845861233     
   66.000000000000000        2791.7433676859132     
   67.000000000000000        2860.2768507857031     
   68.000000000000000        2928.8103338854930     
   69.000000000000000        2997.3438169852830     
   70.000000000000000        3065.8773000850729     
   71.000000000000000        3134.4107831848628     
   72.000000000000000        3202.9442662846527     
   73.000000000000000        3271.4777493844426     
   74.000000000000000        3340.0112324842326     
   75.000000000000000        3408.5447155840225     
   76.000000000000000        3477.0781986838124     
   77.000000000000000        3545.6116817836023     
   78.000000000000000        3614.1451648833922     
   79.000000000000000        3682.6786479831821     
   80.000000000000000        3751.2121310829721     
   81.000000000000000        3819.7456141827620     
   82.000000000000000        3888.2790972825519     
   83.000000000000000        3956.8125803823418     
   84.000000000000000        4025.3460634821317     
   85.000000000000000        4093.8795465819217     
   86.000000000000000        4162.4130296817111     
   87.000000000000000        4230.9465127815010     
   88.000000000000000        4299.4799958812910     
   89.000000000000000        4368.0134789810809     
   90.000000000000000        4436.5469620808708     
   91.000000000000000        4505.0804451806607     
   92.000000000000000        4573.6139282804506     
   93.000000000000000        4642.1474113802406     
   94.000000000000000        4710.6808944800305     
   95.000000000000000        4779.2143775798204     
   96.000000000000000        4847.7478606796103     
   97.000000000000000        4916.2813437794002     
   98.000000000000000        4984.8148268791902     
   99.000000000000000        5053.3483099789801     
   100.00000000000000        5121.8817930787700     
   101.00000000000000        5190.4152761785599     
   102.00000000000000        5258.9487592783498     
   103.00000000000000        5327.4822423781397     
   104.00000000000000        5396.0157254779297     
   105.00000000000000        5464.5492085777196     
   106.00000000000000        5533.0826916775095     
   107.00000000000000        5601.6161747772994     
   108.00000000000000        5670.1496578770893     
   109.00000000000000        5738.6831409768793     
   110.00000000000000        5807.2166240766692     
   111.00000000000000        5875.7501071764591     
   112.00000000000000        5944.2835902762490     
   113.00000000000000        6012.8170733760389     
   114.00000000000000        6081.3505564758289     
   115.00000000000000        6149.8840395756188     
   116.00000000000000        6218.4175226754087     
   117.00000000000000        6286.9510057751986     
   118.00000000000000        6355.4844888749885     
   119.00000000000000        6424.0179719747784     
   120.00000000000000        6492.5514550745684     
   121.00000000000000        6561.0849381743583     
   122.00000000000000        6629.6184212741482     
   123.00000000000000        6698.1519043739381     
   124.00000000000000        6766.6853874737280     
   125.00000000000000        6835.2188705735180     
   126.00000000000000        6903.7523536733079     
   127.00000000000000        6972.2858367730978     
   128.00000000000000        7040.8193198728877     
   129.00000000000000        7109.3528029726776     
   130.00000000000000        7177.8862860724676     
   131.00000000000000        7246.4197691722575     
   132.00000000000000        7433.4867353718373     
   133.00000000000000        7552.0202184716272     
   134.00000000000000        7670.5537015714172     
   135.00000000000000        7789.0871846712071     
   136.00000000000000        7907.6206677709970     
   137.00000000000000        8026.1541508707869     
   138.00000000000000        8144.6876339705768     
   139.00000000000000        8263.2211170703667     
   140.00000000000000        8381.7546001701558     
   141.00000000000000        8500.2880832699448     
   142.00000000000000        8618.8215663697338     
   143.00000000000000        8737.3550494695228     
   144.00000000000000        8855.8885325693118     
   145.00000000000000        8974.4220156691008     
   146.00000000000000        9092.9554987688898     
   147.00000000000000        9211.4889818686788     
   148.00000000000000        9330.0224649684678     
   149.00000000000000        9448.5559480682568     
   150.00000000000000        9567.0894311680458     

   1.0000000000000000        38.533483099789748     
   2.0000000000000000        77.066966199579497     
   3.0000000000000000        115.60044929936925     
   4.0000000000000000        154.13393239915899     
   5.0000000000000000        192.66741549894874     
   6.0000000000000000        231.20089859873849     
   7.0000000000000000        269.73438169852824     
   8.0000000000000000        308.26786479831799     
   9.0000000000000000        346.80134789810774     
   10.000000000000000        385.33483099789748     
   11.000000000000000        423.86831409768723     
   12.000000000000000        462.40179719747698     
   13.000000000000000        500.93528029726673     
   14.000000000000000        539.46876339705648     
   15.000000000000000        578.00224649684628     
   16.000000000000000        616.53572959663597     
   17.000000000000000        655.06921269642567     
   18.000000000000000        693.60269579621536     
   19.000000000000000        732.13617889600505     
   20.000000000000000        770.66966199579474     
   21.000000000000000        809.20314509558443     
   22.000000000000000        847.73662819537412     
   23.000000000000000        886.27011129516382     
   24.000000000000000        924.80359439495351     
   25.000000000000000        963.33707749474320     
   26.000000000000000        1001.8705605945329     
   27.000000000000000        1040.4040436943226     
   28.000000000000000        1078.9375267941123     
   29.000000000000000        1117.4710098939020     
   30.000000000000000        1156.0044929936917     
   31.000000000000000        1194.5379760934813     
   32.000000000000000        1233.0714591932710     
   33.000000000000000        1271.6049422930607     
   34.000000000000000        1310.1384253928504     
   35.000000000000000        1348.6719084926401     
   36.000000000000000        1387.2053915924298     
   37.000000000000000        1425.7388746922195     
   38.000000000000000        1464.2723577920092     
   39.000000000000000        1502.8058408917989     
   40.000000000000000        1541.3393239915886     
   41.000000000000000        1579.8728070913783     
   42.000000000000000        1618.4062901911680     
   43.000000000000000        1656.9397732909576     
   44.000000000000000        1695.4732563907473     
   45.000000000000000        1734.0067394905370     
   46.000000000000000        1772.5402225903267     
   47.000000000000000        1811.0737056901164     
   48.000000000000000        1849.6071887899061     
   49.000000000000000        1888.1406718896958     
   50.000000000000000        1926.6741549894855     
   51.000000000000000        1965.2076380892752     
   52.000000000000000        2003.7411211890649     
   53.000000000000000        2042.2746042888546     
   54.000000000000000        2080.8080873886443     
   55.000000000000000        2119.3415704884342     
   56.000000000000000        2157.8750535882241     
   57.000000000000000        2196.4085366880140     
   58.000000000000000        2234.9420197878039     
   59.000000000000000        2273.4755028875938     
   60.000000000000000        2380.5424690871737     
   61.000000000000000        2449.0759521869636     
   62.000000000000000        2517.6094352867535     
   63.000000000000000        2586.1429183865434     
   64.000000000000000        2654.6764014863334     
   65.000000000000000        2723.2098845861233     
   66.000000000000000        2791.7433676859132     
   67.000000000000000        2860.2768507857031     
   68.000000000000000        2928.8103338854930     
   69.000000000000000        2997.3438169852830     
   70.000000000000000        3065.8773000850729     
   71.000000000000000        3134.4107831848628     
   72.000000000000000        3202.9442662846527     
   73.000000000000000        3271.4777493844426     
   74.000000000000000        3340.0112324842326     
   75.000000000000000        3408.5447155840225     
   76.000000000000000        3477.0781986838124     
   77.000000000000000        3545.6116817836023     
   78.000000000000000        3614.1451648833922     
   79.000000000000000        3682.6786479831821     
   80.000000000000000        3751.2121310829721     
   81.000000000000000        3819.7456141827620     
   82.000000000000000        3888.2790972825519     
   83.000000000000000        3956.8125803823418     
   84.000000000000000        4025.3460634821317     
   85.000000000000000        4093.8795465819217     
   86.000000000000000        4162.4130296817111     
   87.000000000000000        4230.9465127815010     
   88.000000000000000        4299.4799958812910     
   89.000000000000000        4368.0134789810809     
   90.000000000000000        4436.5469620808708     
   91.000000000000000        4505.0804451806607     
   92.000000000000000        4573.6139282804506     
   93.000000000000000        4642.1474113802406     
   94.000000000000000        4710.6808944800305     
   95.000000000000000        4779.2143775798204     
   96.000000000000000        4847.7478606796103     
   97.000000000000000        4916.2813437794002     
   98.000000000000000        4984.8148268791902     
   99.000000000000000        5053.3483099789801     
   100.00000000000000        5121.8817930787700     
   101.00000000000000        5190.4152761785599     
   102.00000000000000        5258.9487592783498     
   103.00000000000000        5327.4822423781397     
   104.00000000000000        5396.0157254779297     
   105.00000000000000        5464.5492085777196     
   106.00000000000000        5533.0826916775095     
   107.00000000000000        5601.6161747772994     
   108.00000000000000        5670.1496578770893     
   109.00000000000000        5738.6831409768793     
   110.00000000000000        5807.2166240766692     
   111.00000000000000        5875.7501071764591     
   112.00000000000000        5944.2835902762490     
   113.00000000000000        6012.8170733760389     
   114.00000000000000        6081.3505564758289     
   115.00000000000000        6149.8840395756188     
   116.00000000000000        6218.4175226754087     
   117.00000000000000        6286.9510057751986     
   118.00000000000000        6355.4844888749885     
   119.00000000000000        6424.0179719747784     
   120.00000000000000        6492.5514550745684     
   121.00000000000000        6561.0849381743583     
   122.00000000000000        6629.6184212741482     
   123.00000000000000        6698.1519043739381     
   124.00000000000000        6766.6853874737280     
   125.00000000000000        6835.2188705735180     
   126.00000000000000        6903.7523536733079     
   127.00000000000000        6972.2858367730978     
   128.00000000000000        7040.8193198728877     
   129.00000000000000        7109.3528029726776     
   130.00000000000000        7177.8862860724676     
   131.00000000000000        7246.4197691722575     
   132.00000000000000        7314.9532522720474     
   133.00000000000000        7383.4867353718373     
   134.00000000000000        7452.0202184716272     
   135.00000000000000        7520.5537015714172     
   136.00000000000000        7589.0871846712071     
   137.00000000000000        7657.6206677709970     
   138.00000000000000        7726.1541508707869     
   139.00000000000000        7794.6876339705768     
   140.00000000000000        7863.2211170703667     
   141.00000000000000        7931.7546001701567     
   142.00000000000000        8000.2880832699466     
   143.00000000000000        8068.8215663697365     
   144.00000000000000        8137.3550494695264     
   145.00000000000000        8205.8885325693154     
   146.00000000000000        8274.4220156691044     
   147.00000000000000        8461.4889818686825     
   148.00000000000000        8580.0224649684715     
   149.00000000000000        8698.5559480682605     
   150.00000000000000        8817.0894311680495     
   151.00000000000000        8935.6229142678385     
   152.00000000000000        9054.1563973676275     
   153.00000000000000        9172.6898804674165     
   154.00000000000000        9291.2233635672055     
   155.00000000000000        9409.7568466669945     
   156.00000000000000        9528.2903297667835     
   157.00000000000000        9646.8238128665726     
   158.00000000000000        9765.3572959663616     
   159.00000000000000        9883.8907790661506     
   160.00000000000000        10002.424262165940     

   1.0000000000000000        38.533483099789748     
   2.0000000000000000        77.066966199579497     
   3.0000000000000000        115.60044929936925     
   4.0000000000000000        154.13393239915899     
   5.0000000000000000        192.66741549894874     
   6.0000000000000000        231.20089859873849     
   7.0000000000000000        269.73438169852824     
   8.0000000000000000        308.26786479831799     
   9.0000000000000000        346.80134789810774     
   10.000000000000000        385.33483099789748     
   11.000000000000000        423.86831409768723     
   12.000000000000000        462.40179719747698     
   13.000000000000000        500.93528029726673     
   14.000000000000000        539.46876339705648     
   15.000000000000000        578.00224649684628     
   16.000000000000000        616.53572959663597     
   17.000000000000000        655.06921269642567     
   18.000000000000000        693.60269579621536     
   19.000000000000000        732.13617889600505     
   20.000000000000000        770.66966199579474     
   21.000000000000000        809.20314509558443     
   22.000000000000000        847.73662819537412     
   23.000000000000000        886.27011129516382     
   24.000000000000000        924.80359439495351     
   25.000000000000000        963.33707749474320     
   26.000000000000000        1001.8705605945329     
   27.000000000000000        1040.4040436943226     
   28.000000000000000        1078.9375267941123     
   29.000000000000000        1117.4710098939020     
   30.000000000000000        1156.0044929936917     
   31.000000000000000        1194.5379760934813     
   32.000000000000000        1233.0714591932710     
   33.000000000000000        1271.6049422930607     
   34.000000000000000        1310.1384253928504     
   35.000000000000000        1348.6719084926401     
   36.000000000000000        1387.2053915924298     
   37.000000000000000        1425.7388746922195     
   38.000000000000000        1464.2723577920092     
   39.000000000000000        1502.8058408917989     
   40.000000000000000        1541.3393239915886     
   41.000000000000000        1579.8728070913783     
   42.000000000000000        1618.4062901911680     
   43.000000000000000        1656.9397732909576     
   44.000000000000000        1695.4732563907473     
   45.000000000000000        1734.0067394905370     
   46.000000000000000        1772.5402225903267     
   47.000000000000000        1811.0737056901164     
   48.000000000000000        1849.6071887899061     
   49.000000000000000        1888.1406718896958     
   50.000000000000000        1926.6741549894855     
   51.000000000000000        1965.2076380892752     
   52.000000000000000        2003.7411211890649     
   53.000000000000000        2042.2746042888546     
   54.000000000000000        2080.8080873886443     
   55.000000000000000        2119.3415704884342     
   56.000000000000000        2157.8750535882241     
   57.000000000000000        2196.4085366880140     
   58.000000000000000        2234.9420197878039     
   59.000000000000000        2273.4755028875938     
   60.000000000000000        2380.5424690871737     
   61.000000000000000        2449.0759521869636     
   62.000000000000000        2517.6094352867535     
   63.000000000000000        2586.1429183865434     
   64.000000000000000        2654.6764014863334     
   65.000000000000000        2723.2098845861233     
   66.000000000000000        2791.7433676859132     
   67.000000000000000        2860.2768507857031     
   68.000000000000000        2928.8103338854930     
   69.000000000000000        2997.3438169852830     
   70.000000000000000        3065.8773000850729     
   71.000000000000000        3134.4107831848628     
   72.000000000000000        3202.9442662846527     
   73.000000000000000        3271.4777493844426     
   74.000000000000000        3340.0112324842326     
   75.000000000000000        3408.5447155840225     
   76.000000000000000        3477.0781986838124     
   77.000000000000000        3545.6116817836023     
   78.000000000000000        3614.1451648833922     
   79.000000000000000        3682.6786479831821     
   80.000000000000000        3751.2121310829721     
   81.000000000000000        3819.7456141827620     
   82.000000000000000        3888.2790972825519     
   83.000000000000000        3956.8125803823418     
   84.000000000000000        4025.3460634821317     
   85.000000000000000        4093.8795465819217     
   86.000000000000000        4162.4130296817111     
   87.000000000000000        4230.9465127815010     
   88.000000000000000        4299.4799958812910     
   89.000000000000000        4368.0134789810809     
   90.000000000000000        4436.5469620808708     
   91.000000000000000        4505.0804451806607     
   92.000000000000000        4573.6139282804506     
   93.000000000000000        4642.1474113802406     
   94.000000000000000        4710.6808944800305     
   95.000000000000000        4779.2143775798204     
   96.000000000000000        4847.7478606796103     
   97.000000000000000        4916.2813437794002     
   98.000000000000000        4984.8148268791902     
   99.000000000000000        5053.3483099789801     
   100.00000000000000        5121.8817930787700     
   101.00000000000000        5190.4152761785599     
   102.00000000000000        5258.9487592783498     
   103.00000000000000        5327.4822423781397     
   104.00000000000000        5396.0157254779297     
   105.00000000000000        5464.5492085777196     
   106.00000000000000        5533.0826916775095     
   107.00000000000000        5601.6161747772994     
   108.00000000000000        5670.1496578770893     
   109.00000000000000        5738.6831409768793     
   110.00000000000000        5807.2166240766692     
   111.00000000000000        5875.7501071764591     
   112.00000000000000        5944.2835902762490     
   113.00000000000000        6012.8170733760389     
   114.00000000000000        6081.3505564758289     
   115.00000000000000        6149.8840395756188     
   116.00000000000000        6218.4175226754087     
   117.00000000000000        6286.9510057751986     
   118.00000000000000        6355.4844888749885     
   119.00000000000000        6424.0179719747784     
   120.00000000000000        6492.5514550745684     
   121.00000000000000        6561.0849381743583     
   122.00000000000000        6629.6184212741482     
   123.00000000000000        6698.1519043739381     
   124.00000000000000        6766.6853874737280     
   125.00000000000000        6835.2188705735180     
   126.00000000000000        6903.7523536733079     
   127.00000000000000        6972.2858367730978     
   128.00000000000000        7040.8193198728877     
   129.00000000000000        7109.3528029726776     
   130.00000000000000        7177.8862860724676     
   131.00000000000000        7246.4197691722575     
   132.00000000000000        7314.9532522720474     
   133.00000000000000        7383.4867353718373     
   134.00000000000000        7452.0202184716272     
   135.00000000000000        7520.5537015714172     
   136.00000000000000        7589.0871846712071     
   137.00000000000000        7657.6206677709970     
   138.00000000000000        7726.1541508707869     
   139.00000000000000        7794.6876339705768     
   140.00000000000000        7863.2211170703667     
   141.00000000000000        7931.7546001701567     
   142.00000000000000        8000.2880832699466     
   143.00000000000000        8068.8215663697365     
   144.00000000000000        8137.3550494695264     
   145.00000000000000        8205.8885325693154     
   146.00000000000000        8274.4220156691044     
   147.00000000000000        8342.9554987688934     
   148.00000000000000        8530.0224649684715     
   149.00000000000000        8648.5559480682605     
   150.00000000000000        8767.0894311680495     
   151.00000000000000        8885.6229142678385     
   152.00000000000000        9004.1563973676275     
   153.00000000000000        9122.6898804674165     
   154.00000000000000        9241.2233635672055     
   155.00000000000000        9359.7568466669945     
   156.00000000000000        9478.2903297667835     
   157.00000000000000        9596.8238128665726     
   158.00000000000000        9715.3572959663616     
   159.00000000000000        9833.8907790661506     
   160.00000000000000        9952.4242621659396     
   161.00000000000000        10070.957745265729     

   1.0000000000000000        38.533483099789748     
   2.0000000000000000        77.066966199579497     
   3.0000000000000000        115.60044929936925     
   4.0000000000000000        154.13393239915899     
   5.0000000000000000        192.66741549894874     
   6.0000000000000000        231.20089859873849     
   7.0000000000000000        269.73438169852824     
   8.0000000000000000        308.26786479831799     
   9.0000000000000000        346.80134789810774     
   10.000000000000000        385.33483099789748     
   11.000000000000000        423.86831409768723     
   12.000000000000000        462.40179719747698     
   13.000000000000000        500.93528029726673     
   14.000000000000000        539.46876339705648     
   15.000000000000000        578.00224649684628     
   16.000000000000000        616.53572959663597     
   17.000000000000000        655.06921269642567     
   18.000000000000000        693.60269579621536     
   19.000000000000000        732.13617889600505     
   20.000000000000000        770.66966199579474     
   21.000000000000000        809.20314509558443     
   22.000000000000000        847.73662819537412     
   23.000000000000000        886.27011129516382     
   24.000000000000000        924.80359439495351     
   25.000000000000000        963.33707749474320     
   26.000000000000000        1001.8705605945329     
   27.000000000000000        1040.4040436943226     
   28.000000000000000        1078.9375267941123     
   29.000000000000000        1117.4710098939020     
   30.000000000000000        1156.0044929936917     
   31.000000000000000        1194.5379760934813     
   32.000000000000000        1233.0714591932710     
   33.000000000000000        1271.6049422930607     
   34.000000000000000        1310.1384253928504     
   35.000000000000000        1348.6719084926401     
   36.000000000000000        1387.2053915924298     
   37.000000000000000        1425.7388746922195     
   38.000000000000000        1464.2723577920092     
   39.000000000000000        1502.8058408917989     
   40.000000000000000        1541.3393239915886     
   41.000000000000000        1579.8728070913783     
   42.000000000000000        1618.4062901911680     
   43.000000000000000        1656.9397732909576     
   44.000000000000000        1695.4732563907473     
   45.000000000000000        1734.0067394905370     
   46.000000000000000        1772.5402225903267     
   47.000000000000000        1811.0737056901164     
   48.000000000000000        1849.6071887899061     
   49.000000000000000        1888.1406718896958     
   50.000000000000000        1926.6741549894855     
   51.000000000000000        1965.2076380892752     
   52.000000000000000        2003.7411211890649     
   53.000000000000000        2042.2746042888546     
   54.000000000000000        2080.8080873886443     
   55.000000000000000        2119.3415704884342     
   56.000000000000000        2157.8750535882241     
   57.000000000000000        2196.4085366880140     
   58.000000000000000        2234.9420197878039     
   59.000000000000000        2273.4755028875938     
   60.000000000000000        2380.5424690871737     
   61.000000000000000        2449.0759521869636     
   62.000000000000000        2517.6094352867535     
   63.000000000000000        2586.1429183865434     
   64.000000000000000        2654.6764014863334     
   65.000000000000000        2723.2098845861233     
   66.000000000000000        2791.7433676859132     
   67.000000000000000        2860.2768507857031     
   68.000000000000000        2928.8103338854930     
   69.000000000000000        2997.3438169852830     
   70.000000000000000        3065.8773000850729     
   71.000000000000000        3134.4107831848628     
   72.000000000000000        3202.9442662846527     
   73.000000000000000        3271.4777493844426     
   74.000000000000000        3340.0112324842326     
   75.000000000000000        3408.5447155840225     
   76.000000000000000        3477.0781986838124     
   77.000000000000000        3545.6116817836023     
   78.000000000000000        3614.1451648833922     
   79.000000000000000        3682.6786479831821     
   80.000000000000000        3751.2121310829721     
   81.000000000000000        3819.7456141827620     
   82.000000000000000        3888.2790972825519     
   83.000000000000000        3956.8125803823418     
   84.000000000000000        4025.3460634821317     
   85.000000000000000        4093.8795465819217     
   86.000000000000000        4162.4130296817111     
   87.000000000000000        4230.9465127815010     
   88.000000000000000        4299.4799958812910     
   89.000000000000000        4368.0134789810809     
   90.000000000000000        4436.5469620808708     
   91.000000000000000        4505.0804451806607     
   92.000000000000000        4573.6139282804506     
   93.000000000000000        4642.1474113802406     
   94.000000000000000        4710.6808944800305     
   95.000000000000000        4779.2143775798204     
   96.000000000000000        4847.7478606796103     
   97.000000000000000        4916.2813437794002     
   98.000000000000000        4984.8148268791902     
   99.000000000000000        5053.3483099789801     
   100.00000000000000        5121.8817930787700     
   101.00000000000000        5190.4152761785599     
   102.00000000000000        5258.9487592783498     
   103.00000000000000        5327.4822423781397     
   104.00000000000000        5396.0157254779297     
   105.00000000000000        5464.5492085777196     
   106.00000000000000        5533.0826916775095     
   107.00000000000000        5601.6161747772994     
   108.00000000000000        5670.1496578770893     
   109.00000000000000        5738.6831409768793     
   110.00000000000000        5807.2166240766692     
   111.00000000000000        5875.7501071764591     
   112.00000000000000        5944.2835902762490     
   113.00000000000000        6012.8170733760389     
   114.00000000000000        6081.3505564758289     
   115.00000000000000        6149.8840395756188     
   116.00000000000000        6218.4175226754087     
   117.00000000000000        6286.9510057751986     
   118.00000000000000        6355.4844888749885     
   119.00000000000000        6424.0179719747784     
   120.00000000000000        6492.5514550745684     
   121.00000000000000        6561.0849381743583     
   122.00000000000000        6629.6184212741482     
   123.00000000000000        6698.1519043739381     
   124.00000000000000        6766.6853874737280     
   125.00000000000000        6835.2188705735180     
   126.00000000000000        6903.7523536733079     
   127.00000000000000        6972.2858367730978     
   128.00000000000000        7040.8193198728877     
   129.00000000000000        7109.3528029726776     
   130.00000000000000        7177.8862860724676     
   131.00000000000000        7246.4197691722575     
   132.00000000000000        7314.9532522720474     
   133.00000000000000        7383.4867353718373     
   134.00000000000000        7452.0202184716272     
   135.00000000000000        7520.5537015714172     
   136.00000000000000        7589.0871846712071     
   137.00000000000000        7657.6206677709970     
   138.00000000000000        7726.1541508707869     
   139.00000000000000        7794.6876339705768     
   140.00000000000000        7863.2211170703667     
   141.00000000000000        7931.7546001701567     
   142.00000000000000        8000.2880832699466     
   143.00000000000000        8068.8215663697365     
   144.00000000000000        8137.3550494695264     
   145.00000000000000        8205.8885325693154     
   146.00000000000000        8274.4220156691044     
   147.00000000000000        8342.9554987688934     
   148.00000000000000        8530.0224649684715     
   149.00000000000000        8648.5559480682605     
   150.00000000000000        8767.0894311680495     
   151.00000000000000        8885.6229142678385     
   152.00000000000000        9004.1563973676275     
   153.00000000000000        9122.6898804674165     
   154.00000000000000        9241.2233635672055     
   155.00000000000000        9359.7568466669945     
   156.00000000000000        9478.2903297667835     
   157.00000000000000        9596.8238128665726     
   158.00000000000000        9715.3572959663616     
   159.00000000000000        9833.8907790661506     
   160.00000000000000        9952.4242621659396     
   161.00000000000000        10070.957745265729     

   1.0000000000000000        38.533483099789748     
   2.0000000000000000        77.066966199579497     
   3.0000000000000000        115.60044929936925     
   4.0000000000000000        154.13393239915899     
   5.0000000000000000        192.66741549894874     
   6.0000000000000000        231.20089859873849     
   7.0000000000000000        269.73438169852824     
   8.0000000000000000        308.26786479831799     
   9.0000000000000000        346.80134789810774     
   10.000000000000000        385.33483099789748     
   11.000000000000000        423.86831409768723     
   12.000000000000000        462.40179719747698     
   13.000000000000000        500.93528029726673     
   14.000000000000000        539.46876339705648     
   15.000000000000000        578.00224649684628     
   16.000000000000000        616.53572959663597     
   17.000000000000000        655.06921269642567     
   18.000000000000000        693.60269579621536     
   19.000000000000000        732.13617889600505     
   20.000000000000000        770.66966199579474     
   21.000000000000000        809.20314509558443     
   22.000000000000000        847.73662819537412     
   23.000000000000000        886.27011129516382     
   24.000000000000000        924.80359439495351     
   25.000000000000000        963.33707749474320     
   26.000000000000000        1001.8705605945329     
   27.000000000000000        1040.4040436943226     
   28.000000000000000        1078.9375267941123     
   29.000000000000000        1117.4710098939020     
   30.000000000000000        1156.0044929936917     
   31.000000000000000        1194.5379760934813     
   32.000000000000000        1233.0714591932710     
   33.000000000000000        1271.6049422930607     
   34.000000000000000        1310.1384253928504     
   35.000000000000000        1348.6719084926401     
   36.000000000000000        1387.2053915924298     
   37.000000000000000        1425.7388746922195     
   38.000000000000000        1464.2723577920092     
   39.000000000000000        1502.8058408917989     
   40.000000000000000        1541.3393239915886     
   41.000000000000000        1579.8728070913783     
   42.000000000000000        1618.4062901911680     
   43.000000000000000        1656.9397732909576     
   44.000000000000000        1695.4732563907473     
   45.000000000000000        1734.0067394905370     
   46.000000000000000        1772.5402225903267     
   47.000000000000000        1811.0737056901164     
   48.000000000000000        1849.6071887899061     
   49.000000000000000        1888.1406718896958     
   50.000000000000000        1926.6741549894855     
   51.000000000000000        1965.2076380892752     
   52.000000000000000        2003.7411211890649     
   53.000000000000000        2042.2746042888546     
   54.000000000000000        2080.8080873886443     
   55.000000000000000        2119.3415704884342     
   56.000000000000000        2157.8750535882241     
   57.000000000000000        2196.4085366880140     
   58.000000000000000        2234.9420197878039     
   59.000000000000000        2273.4755028875938     
   60.000000000000000        2380.5424690871737     
   61.000000000000000        2449.0759521869636     
   62.000000000000000        2517.6094352867535     
   63.000000000000000        2586.1429183865434     
   64.000000000000000        2654.6764014863334     
   65.000000000000000        2723.2098845861233     
   66.000000000000000        2791.7433676859132     
   67.000000000000000        2860.2768507857031     
   68.000000000000000        2928.8103338854930     
   69.000000000000000        2997.3438169852830     
   70.000000000000000        3065.8773000850729     
   71.000000000000000        3134.4107831848628     
   72.000000000000000        3202.9442662846527     
   73.000000000000000        3271.4777493844426     
   74.000000000000000        3340.0112324842326     
   75.000000000000000        3408.5447155840225     
   76.000000000000000        3477.0781986838124     
   77.000000000000000        3545.6116817836023     
   78.000000000000000        3614.1451648833922     
   79.000000000000000        3682.6786479831821     
   80.000000000000000        3751.2121310829721     
   81.000000000000000        3819.7456141827620     
   82.000000000000000        3888.2790972825519     
   83.000000000000000        3956.8125803823418     
   84.000000000000000        4025.3460634821317     
   85.000000000000000        4093.8795465819217     
   86.000000000000000        4162.4130296817111     
   87.000000000000000        4230.9465127815010     
   88.000000000000000        4299.4799958812910     
   89.000000000000000        4368.0134789810809     
   90.000000000000000        4436.5469620808708     
   91.000000000000000        4505.0804451806607     
   92.000000000000000        4573.6139282804506     
   93.000000000000000        4642.1474113802406     
   94.000000000000000        4710.6808944800305     
   95.000000000000000        4779.2143775798204     
   96.000000000000000        4847.7478606796103     
   97.000000000000000        4916.2813437794002     
   98.000000000000000        4984.8148268791902     
   99.000000000000000        5053.3483099789801     
   100.00000000000000        5121.8817930787700     
   101.00000000000000        5190.4152761785599     
   102.00000000000000        5258.9487592783498     
   103.00000000000000        5327.4822423781397     
   104.00000000000000        5396.0157254779297     
   105.00000000000000        5464.5492085777196     
   106.00000000000000        5533.0826916775095     
   107.00000000000000        5601.6161747772994     
   108.00000000000000        5670.1496578770893     
   109.00000000000000        5738.6831409768793     
   110.00000000000000        5807.2166240766692     
   111.00000000000000        5875.7501071764591     
   112.00000000000000        5944.2835902762490     
   113.00000000000000        6012.8170733760389     
   114.00000000000000        6081.3505564758289     
   115.00000000000000        6149.8840395756188     
   116.00000000000000        6218.4175226754087     
   117.00000000000000        6286.9510057751986     
   118.00000000000000        6355.4844888749885     
   119.00000000000000        6424.0179719747784     
   120.00000000000000        6492.5514550745684     
   121.00000000000000        6561.0849381743583     
   122.00000000000000        6629.6184212741482     
   123.00000000000000        6698.1519043739381     
   124.00000000000000        6766.6853874737280     
   125.00000000000000        6835.2188705735180     
   126.00000000000000        6903.7523536733079     
   127.00000000000000        6972.2858367730978     
   128.00000000000000        7040.8193198728877     
   129.00000000000000        7109.3528029726776     
   130.00000000000000        7177.8862860724676     
   131.00000000000000        7246.4197691722575     
   132.00000000000000        7314.9532522720474     
   133.00000000000000        7383.4867353718373     
   134.00000000000000        7452.0202184716272     
   135.00000000000000        7520.5537015714172     
   136.00000000000000        7589.0871846712071     
   137.00000000000000        7657.6206677709970     
   138.00000000000000        7726.1541508707869     
   139.00000000000000        7794.6876339705768     
   140.00000000000000        7981.7546001701567     
   141.00000000000000        8100.2880832699466     
   142.00000000000000        8218.8215663697356     
   143.00000000000000        8337.3550494695246     
   144.00000000000000        8455.8885325693136     
   145.00000000000000        8574.4220156691026     
   146.00000000000000        8692.9554987688916     
   147.00000000000000        8811.4889818686806     
   148.00000000000000        8930.0224649684696     
   149.00000000000000        9048.5559480682587     
   150.00000000000000        9167.0894311680477     
   151.00000000000000        9285.6229142678367     
   152.00000000000000        9404.1563973676257     
   153.00000000000000        9522.6898804674147     
   154.00000000000000        9641.2233635672037     
   155.00000000000000        9759.7568466669927     

   1.0000000000000000        38.533483099789748     
   2.0000000000000000        77.066966199579497     
   3.0000000000000000        115.60044929936925     
   4.0000000000000000        154.13393239915899     
   5.0000000000000000        192.66741549894874     
   6.0000000000000000        231.20089859873849     
   7.0000000000000000        269.73438169852824     
   8.0000000000000000        308.26786479831799     
   9.0000000000000000        346.80134789810774     
   10.000000000000000        385.33483099789748     
   11.000000000000000        423.86831409768723     
   12.000000000000000        462.40179719747698     
   13.000000000000000        500.93528029726673     
   14.000000000000000        539.46876339705648     
   15.000000000000000        578.00224649684628     
   16.000000000000000        616.53572959663597     
   17.000000000000000        655.06921269642567     
   18.000000000000000        693.60269579621536     
   19.000000000000000        732.13617889600505     
   20.000000000000000        770.66966199579474     
   21.000000000000000        809.20314509558443     
   22.000000000000000        847.73662819537412     
   23.000000000000000        886.27011129516382     
   24.000000000000000        924.80359439495351     
   25.000000000000000        963.33707749474320     
   26.000000000000000        1001.8705605945329     
   27.000000000000000        1040.4040436943226     
   28.000000000000000        1078.9375267941123     
   29.000000000000000        1117.4710098939020     
   30.000000000000000        1156.0044929936917     
   31.000000000000000        1194.5379760934813     
   32.000000000000000        1233.0714591932710     
   33.000000000000000        1271.6049422930607     
   34.000000000000000        1310.1384253928504     
   35.000000000000000        1348.6719084926401     
   36.000000000000000        1387.2053915924298     
   37.000000000000000        1425.7388746922195     
   38.000000000000000        1464.2723577920092     
   39.000000000000000        1502.8058408917989     
   40.000000000000000        1541.3393239915886     
   41.000000000000000        1579.8728070913783     
   42.000000000000000        1618.4062901911680     
   43.000000000000000        1656.9397732909576     
   44.000000000000000        1695.4732563907473     
   45.000000000000000        1734.0067394905370     
   46.000000000000000        1772.5402225903267     
   47.000000000000000        1811.0737056901164     
   48.000000000000000        1849.6071887899061     
   49.000000000000000        1888.1406718896958     
   50.000000000000000        1926.6741549894855     
   51.000000000000000        1965.2076380892752     
   52.000000000000000        2003.7411211890649     
   53.000000000000000        2042.2746042888546     
   54.000000000000000        2080.8080873886443     
   55.000000000000000        2119.3415704884342     
   56.000000000000000        2157.8750535882241     
   57.000000000000000        2196.4085366880140     
   58.000000000000000        2234.9420197878039     
   59.000000000000000        2273.4755028875938     
   60.000000000000000        2380.5424690871737     
   61.000000000000000        2449.0759521869636     
   62.000000000000000        2517.6094352867535     
   63.000000000000000        2586.1429183865434     
   64.000000000000000        2654.6764014863334     
   65.000000000000000        2723.2098845861233     
   66.000000000000000        2791.7433676859132     
   67.000000000000000        2860.2768507857031     
   68.000000000000000        2928.8103338854930     
   69.000000000000000        2997.3438169852830     
   70.000000000000000        3065.8773000850729     
   71.000000000000000        3134.4107831848628     
   72.000000000000000        3202.9442662846527     
   73.000000000000000        3271.4777493844426     
   74.000000000000000        3340.0112324842326     
   75.000000000000000        3408.5447155840225     
   76.000000000000000        3477.0781986838124     
   77.000000000000000        3545.6116817836023     
   78.000000000000000        3614.1451648833922     
   79.000000000000000        3682.6786479831821     
   80.000000000000000        3751.2121310829721     
   81.000000000000000        3819.7456141827620     
   82.000000000000000        3888.2790972825519     
   83.000000000000000        3956.8125803823418     
   84.000000000000000        4025.3460634821317     
   85.000000000000000        4093.8795465819217     
   86.000000000000000        4162.4130296817111     
   87.000000000000000        4230.9465127815010     
   88.000000000000000        4299.4799958812910     
   89.000000000000000        4368.0134789810809     
   90.000000000000000        4436.5469620808708     
   91.000000000000000        4505.0804451806607     
   92.000000000000000        4573.6139282804506     
   93.000000000000000        4642.1474113802406     
   94.000000000000000        4710.6808944800305     
   95.000000000000000        4779.2143775798204     
   96.000000000000000        4847.7478606796103     
   97.000000000000000        4916.2813437794002     
   98.000000000000000        4984.8148268791902     
   99.000000000000000        5053.3483099789801     
   100.00000000000000        5121.8817930787700     
   101.00000000000000        5190.4152761785599     
   102.00000000000000        5258.9487592783498     
   103.00000000000000        5327.4822423781397     
   104.00000000000000        5396.0157254779297     
   105.00000000000000        5464.5492085777196     
   106.00000000000000        5533.0826916775095     
   107.00000000000000        5601.6161747772994     
   108.00000000000000        5670.1496578770893     
   109.00000000000000        5738.6831409768793     
   110.00000000000000        5807.2166240766692     
   111.00000000000000        5875.7501071764591     
   112.00000000000000        5944.2835902762490     
   113.00000000000000        6012.8170733760389     
   114.00000000000000        6081.3505564758289     
   115.00000000000000        6149.8840395756188     
   116.00000000000000        6218.4175226754087     
   117.00000000000000        6286.9510057751986     
   118.00000000000000        6355.4844888749885     
   119.00000000000000        6424.0179719747784     
   120.00000000000000        6492.5514550745684     
   121.00000000000000        6561.0849381743583     
   122.00000000000000        6629.6184212741482     
   123.00000000000000        6698.1519043739381     
   124.00000000000000        6766.6853874737280     
   125.00000000000000        6835.2188705735180     
   126.00000000000000        6903.7523536733079     
   127.00000000000000        6972.2858367730978     
   128.00000000000000        7040.8193198728877     
   129.00000000000000        7109.3528029726776     
   130.00000000000000        7177.8862860724676     
   131.00000000000000        7246.4197691722575     
   132.00000000000000        7314.9532522720474     
   133.00000000000000        7383.4867353718373     
   134.00000000000000        7452.0202184716272     
   135.00000000000000        7520.5537015714172     
   136.00000000000000        7589.0871846712071     
   137.00000000000000        7657.6206677709970     
   138.00000000000000        7726.1541508707869     
   139.00000000000000        7794.6876339705768     
   140.00000000000000        7863.2211170703667     
   141.00000000000000        7931.7546001701567     
   142.00000000000000        8000.2880832699466     
   143.00000000000000        8068.8215663697365     
   144.00000000000000        8137.3550494695264     
   145.00000000000000        8205.8885325693154     
   146.00000000000000        8274.4220156691044     
   147.00000000000000        8342.9554987688934     
   148.00000000000000        8530.0224649684715     
   149.00000000000000        8648.5559480682605     
   150.00000000000000        8767.0894311680495     
   151.00000000000000        8885.6229142678385     
   152.00000000000000        9004.1563973676275     
   153.00000000000000        9122.6898804674165     
   154.00000000000000        9241.2233635672055     
   155.00000000000000        9359.7568466669945     
   156.00000000000000        9478.2903297667835     
   157.00000000000000        9596.8238128665726     
   158.00000000000000        9715.3572959663616     
   159.00000000000000        9833.8907790661506     
   160.00000000000000        9952.4242621659396     
   161.00000000000000        10070.957745265729     

   1.0000000000000000        38.533483099789748     
   2.0000000000000000        77.066966199579497     
   3.0000000000000000        115.60044929936925     
   4.0000000000000000        154.13393239915899     
   5.0000000000000000        192.66741549894874     
   6.0000000000000000        231.20089859873849     
   7.0000000000000000        269.73438169852824     
   8.0000000000000000        308.26786479831799     
   9.0000000000000000        346.80134789810774     
   10.000000000000000        385.33483099789748     
   11.000000000000000        423.86831409768723     
   12.000000000000000        462.40179719747698     
   13.000000000000000        500.93528029726673     
   14.000000000000000        539.46876339705648     
   15.000000000000000        578.00224649684628     
   16.000000000000000        616.53572959663597     
   17.000000000000000        655.06921269642567     
   18.000000000000000        693.60269579621536     
   19.000000000000000        732.13617889600505     
   20.000000000000000        770.66966199579474     
   21.000000000000000        809.20314509558443     
   22.000000000000000        847.73662819537412     
   23.000000000000000        886.27011129516382     
   24.000000000000000        924.80359439495351     
   25.000000000000000        963.33707749474320     
   26.000000000000000        1001.8705605945329     
   27.000000000000000        1040.4040436943226     
   28.000000000000000        1078.9375267941123     
   29.000000000000000        1117.4710098939020     
   30.000000000000000        1156.0044929936917     
   31.000000000000000        1194.5379760934813     
   32.000000000000000        1233.0714591932710     
   33.000000000000000        1271.6049422930607     
   34.000000000000000        1310.1384253928504     
   35.000000000000000        1348.6719084926401     
   36.000000000000000        1387.2053915924298     
   37.000000000000000        1425.7388746922195     
   38.000000000000000        1464.2723577920092     
   39.000000000000000        1502.8058408917989     
   40.000000000000000        1541.3393239915886     
   41.000000000000000        1579.8728070913783     
   42.000000000000000        1618.4062901911680     
   43.000000000000000        1656.9397732909576     
   44.000000000000000        1695.4732563907473     
   45.000000000000000        1734.0067394905370     
   46.000000000000000        1772.5402225903267     
   47.000000000000000        1811.0737056901164     
   48.000000000000000        1849.6071887899061     
   49.000000000000000        1888.1406718896958     
   50.000000000000000        1926.6741549894855     
   51.000000000000000        1965.2076380892752     
   52.000000000000000        2003.7411211890649     
   53.000000000000000        2042.2746042888546     
   54.000000000000000        2080.8080873886443     
   55.000000000000000        2119.3415704884342     
   56.000000000000000        2157.8750535882241     
   57.000000000000000        2196.4085366880140     
   58.000000000000000        2234.9420197878039     
   59.000000000000000        2273.4755028875938     
   60.000000000000000        2380.5424690871737     
   61.000000000000000        2449.0759521869636     
   62.000000000000000        2517.6094352867535     
   63.000000000000000        2586.1429183865434     
   64.000000000000000        2654.6764014863334     
   65.000000000000000        2723.2098845861233     
   66.000000000000000        2791.7433676859132     
   67.000000000000000        2860.2768507857031     
   68.000000000000000        2928.8103338854930     
   69.000000000000000        2997.3438169852830     
   70.000000000000000        3065.8773000850729     
   71.000000000000000        3134.4107831848628     
   72.000000000000000        3202.9442662846527     
   73.000000000000000        3271.4777493844426     
   74.000000000000000        3340.0112324842326     
   75.000000000000000        3408.5447155840225     
   76.000000000000000        3477.0781986838124     
   77.000000000000000        3545.6116817836023     
   78.000000000000000        3614.1451648833922     
   79.000000000000000        3682.6786479831821     
   80.000000000000000        3751.2121310829721     
   81.000000000000000        3819.7456141827620     
   82.000000000000000        3888.2790972825519     
   83.000000000000000        3956.8125803823418     
   84.000000000000000        4025.3460634821317     
   85.000000000000000        4093.8795465819217     
   86.000000000000000        4162.4130296817111     
   87.000000000000000        4230.9465127815010     
   88.000000000000000        4299.4799958812910     
   89.000000000000000        4368.0134789810809     
   90.000000000000000        4436.5469620808708     
   91.000000000000000        4505.0804451806607     
   92.000000000000000        4573.6139282804506     
   93.000000000000000        4642.1474113802406     
   94.000000000000000        4710.6808944800305     
   95.000000000000000        4779.2143775798204     
   96.000000000000000        4847.7478606796103     
   97.000000000000000        4916.2813437794002     
   98.000000000000000        4984.8148268791902     
   99.000000000000000        5053.3483099789801     
   100.00000000000000        5121.8817930787700     
   101.00000000000000        5190.4152761785599     
   102.00000000000000        5258.9487592783498     
   103.00000000000000        5327.4822423781397     
   104.00000000000000        5396.0157254779297     
   105.00000000000000        5464.5492085777196     
   106.00000000000000        5533.0826916775095     
   107.00000000000000        5601.6161747772994     
   108.00000000000000        5670.1496578770893     
   109.00000000000000        5738.6831409768793     
   110.00000000000000        5807.2166240766692     
   111.00000000000000        5875.7501071764591     
   112.00000000000000        5944.2835902762490     
   113.00000000000000        6012.8170733760389     
   114.00000000000000        6081.3505564758289     
   115.00000000000000        6149.8840395756188     
   116.00000000000000        6218.4175226754087     
   117.00000000000000        6286.9510057751986     
   118.00000000000000        6355.4844888749885     
   119.00000000000000        6424.0179719747784     
   120.00000000000000        6492.5514550745684     
   121.00000000000000        6561.0849381743583     
   122.00000000000000        6629.6184212741482     
   123.00000000000000        6698.1519043739381     
   124.00000000000000        6766.6853874737280     
   125.00000000000000        6835.2188705735180     
   126.00000000000000        6903.7523536733079     
   127.00000000000000        6972.2858367730978     
   128.00000000000000        7040.8193198728877     
   129.00000000000000        7109.3528029726776     
   130.00000000000000        7177.8862860724676     
   131.00000000000000        7246.4197691722575     
   132.00000000000000        7314.9532522720474     
   133.00000000000000        7383.4867353718373     
   134.00000000000000        7452.0202184716272     
   135.00000000000000        7520.5537015714172     
   136.00000000000000        7589.0871846712071     
   137.00000000000000        7657.6206677709970     
   138.00000000000000        7726.1541508707869     
   139.00000000000000        7794.6876339705768     
   140.00000000000000        7863.2211170703667     
   141.00000000000000        8050.2880832699466     
   142.00000000000000        8168.8215663697365     
   143.00000000000000        8287.3550494695264     
   144.00000000000000        8405.8885325693154     
   145.00000000000000        8524.4220156691044     
   146.00000000000000        8642.9554987688934     
   147.00000000000000        8761.4889818686825     
   148.00000000000000        8880.0224649684715     
   149.00000000000000        8998.5559480682605     
   150.00000000000000        9117.0894311680495     
   151.00000000000000        9235.6229142678385     
   152.00000000000000        9354.1563973676275     
   153.00000000000000        9472.6898804674165     
   154.00000000000000        9591.2233635672055     
   155.00000000000000        9709.7568466669945     
   156.00000000000000        9828.2903297667835     
   157.00000000000000        9946.8238128665726     
   158.00000000000000        10065.357295966362     
   159.00000000000000        10183.890779066151     
   160.00000000000000        10302.424262165940     

   1.0000000000000000        38.533483099789748     
   2.0000000000000000        77.066966199579497     
   3.0000000000000000        115.60044929936925     
   4.0000000000000000        154.13393239915899     
   5.0000000000000000        192.66741549894874     
   6.0000000000000000        231.20089859873849     
   7.0000000000000000        269.73438169852824     
   8.0000000000000000        308.26786479831799     
   9.0000000000000000        346.80134789810774     
   10.000000000000000        385.33483099789748     
   11.000000000000000        423.86831409768723     
   12.000000000000000        462.40179719747698     
   13.000000000000000        500.93528029726673     
   14.000000000000000        539.46876339705648     
   15.000000000000000        578.00224649684628     
   16.000000000000000        616.53572959663597     
   17.000000000000000        655.06921269642567     
   18.000000000000000        693.60269579621536     
   19.000000000000000        732.13617889600505     
   20.000000000000000        770.66966199579474     
   21.000000000000000        809.20314509558443     
   22.000000000000000        847.73662819537412     
   23.000000000000000        886.27011129516382     
   24.000000000000000        924.80359439495351     
   25.000000000000000        963.33707749474320     
   26.000000000000000        1001.8705605945329     
   27.000000000000000        1040.4040436943226     
   28.000000000000000        1078.9375267941123     
   29.000000000000000        1117.4710098939020     
   30.000000000000000        1156.0044929936917     
   31.000000000000000        1194.5379760934813     
   32.000000000000000        1233.0714591932710     
   33.000000000000000        1271.6049422930607     
   34.000000000000000        1310.1384253928504     
   35.000000000000000        1348.6719084926401     
   36.000000000000000        1387.2053915924298     
   37.000000000000000        1425.7388746922195     
   38.000000000000000        1464.2723577920092     
   39.000000000000000        1502.8058408917989     
   40.000000000000000        1541.3393239915886     
   41.000000000000000        1579.8728070913783     
   42.000000000000000        1618.4062901911680     
   43.000000000000000        1656.9397732909576     
   44.000000000000000        1695.4732563907473     
   45.000000000000000        1734.0067394905370     
   46.000000000000000        1772.5402225903267     
   47.000000000000000        1811.0737056901164     
   48.000000000000000        1849.6071887899061     
   49.000000000000000        1888.1406718896958     
   50.000000000000000        1926.6741549894855     
   51.000000000000000        1965.2076380892752     
   52.000000000000000        2003.7411211890649     
   53.000000000000000        2042.2746042888546     
   54.000000000000000        2080.8080873886443     
   55.000000000000000        2119.3415704884342     
   56.000000000000000        2157.8750535882241     
   57.000000000000000        2196.4085366880140     
   58.000000000000000        2234.9420197878039     
   59.000000000000000        2273.4755028875938     
   60.000000000000000        2380.5424690871737     
   61.000000000000000        2449.0759521869636     
   62.000000000000000        2517.6094352867535     
   63.000000000000000        2586.1429183865434     
   64.000000000000000        2654.6764014863334     
   65.000000000000000        2723.2098845861233     
   66.000000000000000        2791.7433676859132     
   67.000000000000000        2860.2768507857031     
   68.000000000000000        2928.8103338854930     
   69.000000000000000        2997.3438169852830     
   70.000000000000000        3065.8773000850729     
   71.000000000000000        3134.4107831848628     
   72.000000000000000        3202.9442662846527     
   73.000000000000000        3271.4777493844426     
   74.000000000000000        3340.0112324842326     
   75.000000000000000        3408.5447155840225     
   76.000000000000000        3477.0781986838124     
   77.000000000000000        3545.6116817836023     
   78.000000000000000        3614.1451648833922     
   79.000000000000000        3682.6786479831821     
   80.000000000000000        3751.2121310829721     
   81.000000000000000        3819.7456141827620     
   82.000000000000000        3888.2790972825519     
   83.000000000000000        3956.8125803823418     
   84.000000000000000        4025.3460634821317     
   85.000000000000000        4093.8795465819217     
   86.000000000000000        4162.4130296817111     
   87.000000000000000        4230.9465127815010     
   88.000000000000000        4299.4799958812910     
   89.000000000000000        4368.0134789810809     
   90.000000000000000        4436.5469620808708     
   91.000000000000000        4505.0804451806607     
   92.000000000000000        4573.6139282804506     
   93.000000000000000        4642.1474113802406     
   94.000000000000000        4710.6808944800305     
   95.000000000000000        4779.2143775798204     
   96.000000000000000        4847.7478606796103     
   97.000000000000000        4916.2813437794002     
   98.000000000000000        4984.8148268791902     
   99.000000000000000        5053.3483099789801     
   100.00000000000000        5121.8817930787700     
   101.00000000000000        5190.4152761785599     
   102.00000000000000        5258.9487592783498     
   103.00000000000000        5327.4822423781397     
   104.00000000000000        5396.0157254779297     
   105.00000000000000        5464.5492085777196     
   106.00000000000000        5533.0826916775095     
   107.00000000000000        5601.6161747772994     
   108.00000000000000        5670.1496578770893     
   109.00000000000000        5738.6831409768793     
   110.00000000000000        5807.2166240766692     
   111.00000000000000        5875.7501071764591     
   112.00000000000000        5944.2835902762490     
   113.00000000000000        6012.8170733760389     
   114.00000000000000        6081.3505564758289     
   115.00000000000000        6149.8840395756188     
   116.00000000000000        6218.4175226754087     
   117.00000000000000        6286.9510057751986     
   118.00000000000000        6355.4844888749885     
   119.00000000000000        6424.0179719747784     
   120.00000000000000        6492.5514550745684     
   121.00000000000000        6561.0849381743583     
   122.00000000000000        6629.6184212741482     
   123.00000000000000        6698.1519043739381     
   124.00000000000000        6766.6853874737280     
   125.00000000000000        6835.2188705735180     
   126.00000000000000        6903.7523536733079     
   127.00000000000000        6972.2858367730978     
   128.00000000000000        7040.8193198728877     
   129.00000000000000        7109.3528029726776     
   130.00000000000000        7177.8862860724676     
   131.00000000000000        7246.4197691722575     
   132.00000000000000        7314.9532522720474     
   133.00000000000000        7383.4867353718373     
   134.00000000000000        7452.0202184716272     
   135.00000000000000        7520.5537015714172     
   136.00000000000000        7589.0871846712071     
   137.00000000000000        7657.6206677709970     
   138.00000000000000        7726.1541508707869     
   139.00000000000000        7913.2211170703667     
   140.00000000000000        8031.7546001701567     
   141.00000000000000        8150.2880832699466     
   142.00000000000000        8268.8215663697356     
   143.00000000000000        8387.3550494695246     

