   1.0000000000000000        33.665019769410577     
   2.0000000000000000        67.330039538821154     
   3.0000000000000000        100.99505930823173     
   4.0000000000000000        134.66007907764231     
   5.0000000000000000        168.32509884705289     
   6.0000000000000000        201.99011861646346     
   7.0000000000000000        235.65513838587404     
   8.0000000000000000        269.32015815528462     
   9.0000000000000000        302.98517792469522     
   10.000000000000000        336.65019769410583     
   11.000000000000000        370.31521746351643     
   12.000000000000000        403.98023723292704     
   13.000000000000000        437.64525700233764     
   14.000000000000000        471.31027677174825     
   15.000000000000000        504.97529654115885     
   16.000000000000000        538.64031631056946     
   17.000000000000000        572.30533607998007     
   18.000000000000000        605.97035584939067     
   19.000000000000000        639.63537561880128     
   20.000000000000000        673.30039538821188     
   21.000000000000000        706.96541515762249     
   22.000000000000000        740.63043492703309     
   23.000000000000000        774.29545469644370     
   24.000000000000000        807.96047446585430     
   25.000000000000000        841.62549423526491     
   26.000000000000000        875.29051400467552     
   27.000000000000000        908.95553377408612     
   28.000000000000000        942.62055354349673     
   29.000000000000000        976.28557331290733     
   30.000000000000000        1009.9505930823179     
   31.000000000000000        1043.6156128517284     
   32.000000000000000        1077.2806326211389     
   33.000000000000000        1110.9456523905494     
   34.000000000000000        1144.6106721599599     
   35.000000000000000        1178.2756919293704     
   36.000000000000000        1211.9407116987809     
   37.000000000000000        1245.6057314681914     
   38.000000000000000        1279.2707512376019     
   39.000000000000000        1312.9357710070124     
   40.000000000000000        1346.6007907764229     
   41.000000000000000        1380.2658105458333     
   42.000000000000000        1413.9308303152438     
   43.000000000000000        1447.5958500846543     
   44.000000000000000        1481.2608698540648     
   45.000000000000000        1514.9258896234753     
   46.000000000000000        1548.5909093928858     
   47.000000000000000        1582.2559291622963     
   48.000000000000000        1615.9209489317068     
   49.000000000000000        1649.5859687011173     
   50.000000000000000        1683.2509884705278     
   51.000000000000000        1716.9160082399383     
   52.000000000000000        1750.5810280093488     
   53.000000000000000        1784.2460477787592     
   54.000000000000000        1817.9110675481697     
   55.000000000000000        1851.5760873175802     
   56.000000000000000        1885.2411070869907     
   57.000000000000000        1918.9061268564012     
   58.000000000000000        1952.5711466258117     
   59.000000000000000        2049.9011861646327     
   60.000000000000000        2113.5662059340434     
   61.000000000000000        2177.2312257034541     
   62.000000000000000        2240.8962454728648     
   63.000000000000000        2304.5612652422756     
   64.000000000000000        2368.2262850116863     
   65.000000000000000        2431.8913047810970     
   66.000000000000000        2495.5563245505077     
   67.000000000000000        2559.2213443199184     
   68.000000000000000        2622.8863640893292     
   69.000000000000000        2686.5513838587399     
   70.000000000000000        2750.2164036281506     
   71.000000000000000        2813.8814233975613     
   72.000000000000000        2877.5464431669720     
   73.000000000000000        2941.2114629363828     
   74.000000000000000        3004.8764827057935     
   75.000000000000000        3068.5415024752042     
   76.000000000000000        3132.2065222446149     
   77.000000000000000        3195.8715420140256     
   78.000000000000000        3259.5365617834364     
   79.000000000000000        3323.2015815528471     
   80.000000000000000        3386.8666013222578     
   81.000000000000000        3450.5316210916685     
   82.000000000000000        3514.1966408610792     
   83.000000000000000        3577.8616606304900     
   84.000000000000000        3641.5266803999007     
   85.000000000000000        3705.1917001693114     
   86.000000000000000        3768.8567199387221     
   87.000000000000000        3832.5217397081328     
   88.000000000000000        3896.1867594775435     
   89.000000000000000        3959.8517792469543     
   90.000000000000000        4023.5167990163650     
   91.000000000000000        4087.1818187857757     
   92.000000000000000        4150.8468385551860     
   93.000000000000000        4214.5118583245967     
   94.000000000000000        4278.1768780940074     
   95.000000000000000        4341.8418978634181     
   96.000000000000000        4405.5069176328288     
   97.000000000000000        4469.1719374022396     
   98.000000000000000        4532.8369571716503     
   99.000000000000000        4596.5019769410610     
   100.00000000000000        4660.1669967104717     
   101.00000000000000        4723.8320164798824     
   102.00000000000000        4787.4970362492932     
   103.00000000000000        4851.1620560187039     
   104.00000000000000        4914.8270757881146     
   105.00000000000000        4978.4920955575253     
   106.00000000000000        5042.1571153269360     
   107.00000000000000        5105.8221350963468     
   108.00000000000000        5169.4871548657575     
   109.00000000000000        5233.1521746351682     
   110.00000000000000        5296.8171944045789     
   111.00000000000000        5360.4822141739896     
   112.00000000000000        5424.1472339434004     
   113.00000000000000        5487.8122537128111     
   114.00000000000000        5551.4772734822218     
   115.00000000000000        5615.1422932516325     
   116.00000000000000        5678.8073130210432     
   117.00000000000000        5742.4723327904539     
   118.00000000000000        5806.1373525598647     
   119.00000000000000        5869.8023723292754     
   120.00000000000000        5933.4673920986861     
   121.00000000000000        5997.1324118680968     
   122.00000000000000        6060.7974316375075     
   123.00000000000000        6124.4624514069183     
   124.00000000000000        6188.1274711763290     
   125.00000000000000        6251.7924909457397     
   126.00000000000000        6315.4575107151504     
   127.00000000000000        6379.1225304845611     
   128.00000000000000        6556.4525700233826     
   129.00000000000000        6670.1175897927933     
   130.00000000000000        6783.7826095622040     
   131.00000000000000        6897.4476293316147     
   132.00000000000000        7011.1126491010255     
   133.00000000000000        7124.7776688704362     
   134.00000000000000        7238.4426886398469     
   135.00000000000000        7352.1077084092576     
   136.00000000000000        7465.7727281786683     
   137.00000000000000        7579.4377479480790     
   138.00000000000000        7693.1027677174898     
   139.00000000000000        7806.7677874869005     
   140.00000000000000        7920.4328072563112     
   141.00000000000000        8034.0978270257219     
   142.00000000000000        8147.7628467951326     

   1.0000000000000000        33.665019769410577     
   2.0000000000000000        67.330039538821154     
   3.0000000000000000        100.99505930823173     
   4.0000000000000000        134.66007907764231     
   5.0000000000000000        168.32509884705289     
   6.0000000000000000        201.99011861646346     
   7.0000000000000000        235.65513838587404     
   8.0000000000000000        269.32015815528462     
   9.0000000000000000        302.98517792469522     
   10.000000000000000        336.65019769410583     
   11.000000000000000        370.31521746351643     
   12.000000000000000        403.98023723292704     
   13.000000000000000        437.64525700233764     
   14.000000000000000        471.31027677174825     
   15.000000000000000        504.97529654115885     
   16.000000000000000        538.64031631056946     
   17.000000000000000        572.30533607998007     
   18.000000000000000        605.97035584939067     
   19.000000000000000        639.63537561880128     
   20.000000000000000        673.30039538821188     
   21.000000000000000        706.96541515762249     
   22.000000000000000        740.63043492703309     
   23.000000000000000        774.29545469644370     
   24.000000000000000        807.96047446585430     
   25.000000000000000        841.62549423526491     
   26.000000000000000        875.29051400467552     
   27.000000000000000        908.95553377408612     
   28.000000000000000        942.62055354349673     
   29.000000000000000        976.28557331290733     
   30.000000000000000        1009.9505930823179     
   31.000000000000000        1043.6156128517284     
   32.000000000000000        1077.2806326211389     
   33.000000000000000        1110.9456523905494     
   34.000000000000000        1144.6106721599599     
   35.000000000000000        1178.2756919293704     
   36.000000000000000        1211.9407116987809     
   37.000000000000000        1245.6057314681914     
   38.000000000000000        1279.2707512376019     
   39.000000000000000        1312.9357710070124     
   40.000000000000000        1346.6007907764229     
   41.000000000000000        1380.2658105458333     
   42.000000000000000        1413.9308303152438     
   43.000000000000000        1447.5958500846543     
   44.000000000000000        1481.2608698540648     
   45.000000000000000        1514.9258896234753     
   46.000000000000000        1548.5909093928858     
   47.000000000000000        1582.2559291622963     
   48.000000000000000        1615.9209489317068     
   49.000000000000000        1649.5859687011173     
   50.000000000000000        1683.2509884705278     
   51.000000000000000        1716.9160082399383     
   52.000000000000000        1750.5810280093488     
   53.000000000000000        1784.2460477787592     
   54.000000000000000        1817.9110675481697     
   55.000000000000000        1851.5760873175802     
   56.000000000000000        1885.2411070869907     
   57.000000000000000        1918.9061268564012     
   58.000000000000000        1952.5711466258117     
   59.000000000000000        2049.9011861646327     
   60.000000000000000        2113.5662059340434     
   61.000000000000000        2177.2312257034541     
   62.000000000000000        2240.8962454728648     
   63.000000000000000        2304.5612652422756     
   64.000000000000000        2368.2262850116863     
   65.000000000000000        2431.8913047810970     
   66.000000000000000        2495.5563245505077     
   67.000000000000000        2559.2213443199184     
   68.000000000000000        2622.8863640893292     
   69.000000000000000        2686.5513838587399     
   70.000000000000000        2750.2164036281506     
   71.000000000000000        2813.8814233975613     
   72.000000000000000        2877.5464431669720     
   73.000000000000000        2941.2114629363828     
   74.000000000000000        3004.8764827057935     
   75.000000000000000        3068.5415024752042     
   76.000000000000000        3132.2065222446149     
   77.000000000000000        3195.8715420140256     
   78.000000000000000        3259.5365617834364     
   79.000000000000000        3323.2015815528471     
   80.000000000000000        3386.8666013222578     
   81.000000000000000        3450.5316210916685     
   82.000000000000000        3514.1966408610792     
   83.000000000000000        3577.8616606304900     
   84.000000000000000        3641.5266803999007     
   85.000000000000000        3705.1917001693114     
   86.000000000000000        3768.8567199387221     
   87.000000000000000        3832.5217397081328     
   88.000000000000000        3896.1867594775435     
   89.000000000000000        3959.8517792469543     
   90.000000000000000        4023.5167990163650     
   91.000000000000000        4087.1818187857757     
   92.000000000000000        4150.8468385551860     
   93.000000000000000        4214.5118583245967     
   94.000000000000000        4278.1768780940074     
   95.000000000000000        4341.8418978634181     
   96.000000000000000        4405.5069176328288     
   97.000000000000000        4469.1719374022396     
   98.000000000000000        4532.8369571716503     
   99.000000000000000        4596.5019769410610     
   100.00000000000000        4660.1669967104717     
   101.00000000000000        4723.8320164798824     
   102.00000000000000        4787.4970362492932     
   103.00000000000000        4851.1620560187039     
   104.00000000000000        4914.8270757881146     
   105.00000000000000        4978.4920955575253     
   106.00000000000000        5042.1571153269360     
   107.00000000000000        5105.8221350963468     
   108.00000000000000        5169.4871548657575     
   109.00000000000000        5233.1521746351682     
   110.00000000000000        5296.8171944045789     
   111.00000000000000        5360.4822141739896     
   112.00000000000000        5424.1472339434004     
   113.00000000000000        5487.8122537128111     
   114.00000000000000        5551.4772734822218     
   115.00000000000000        5615.1422932516325     
   116.00000000000000        5678.8073130210432     
   117.00000000000000        5742.4723327904539     
   118.00000000000000        5806.1373525598647     
   119.00000000000000        5869.8023723292754     
   120.00000000000000        5933.4673920986861     
   121.00000000000000        5997.1324118680968     
   122.00000000000000        6060.7974316375075     
   123.00000000000000        6124.4624514069183     
   124.00000000000000        6188.1274711763290     
   125.00000000000000        6251.7924909457397     
   126.00000000000000        6315.4575107151504     
   127.00000000000000        6379.1225304845611     
   128.00000000000000        6442.7875502539719     
   129.00000000000000        6506.4525700233826     
   130.00000000000000        6570.1175897927933     
   131.00000000000000        6633.7826095622040     
   132.00000000000000        6697.4476293316147     
   133.00000000000000        6761.1126491010255     
   134.00000000000000        6938.4426886398469     
   135.00000000000000        7052.1077084092576     
   136.00000000000000        7165.7727281786683     
   137.00000000000000        7279.4377479480790     
   138.00000000000000        7393.1027677174898     
   139.00000000000000        7506.7677874869005     
   140.00000000000000        7620.4328072563112     
   141.00000000000000        7734.0978270257219     
   142.00000000000000        7847.7628467951326     
   143.00000000000000        7961.4278665645434     
   144.00000000000000        8075.0928863339541     
   145.00000000000000        8188.7579061033648     
   146.00000000000000        8302.4229258727755     

   1.0000000000000000        33.665019769410577     
   2.0000000000000000        67.330039538821154     
   3.0000000000000000        100.99505930823173     
   4.0000000000000000        134.66007907764231     
   5.0000000000000000        168.32509884705289     
   6.0000000000000000        201.99011861646346     
   7.0000000000000000        235.65513838587404     
   8.0000000000000000        269.32015815528462     
   9.0000000000000000        302.98517792469522     
   10.000000000000000        336.65019769410583     
   11.000000000000000        370.31521746351643     
   12.000000000000000        403.98023723292704     
   13.000000000000000        437.64525700233764     
   14.000000000000000        471.31027677174825     
   15.000000000000000        504.97529654115885     
   16.000000000000000        538.64031631056946     
   17.000000000000000        572.30533607998007     
   18.000000000000000        605.97035584939067     
   19.000000000000000        639.63537561880128     
   20.000000000000000        673.30039538821188     
   21.000000000000000        706.96541515762249     
   22.000000000000000        740.63043492703309     
   23.000000000000000        774.29545469644370     
   24.000000000000000        807.96047446585430     
   25.000000000000000        841.62549423526491     
   26.000000000000000        875.29051400467552     
   27.000000000000000        908.95553377408612     
   28.000000000000000        942.62055354349673     
   29.000000000000000        976.28557331290733     
   30.000000000000000        1009.9505930823179     
   31.000000000000000        1043.6156128517284     
   32.000000000000000        1077.2806326211389     
   33.000000000000000        1110.9456523905494     
   34.000000000000000        1144.6106721599599     
   35.000000000000000        1178.2756919293704     
   36.000000000000000        1211.9407116987809     
   37.000000000000000        1245.6057314681914     
   38.000000000000000        1279.2707512376019     
   39.000000000000000        1312.9357710070124     
   40.000000000000000        1346.6007907764229     
   41.000000000000000        1380.2658105458333     
   42.000000000000000        1413.9308303152438     
   43.000000000000000        1447.5958500846543     
   44.000000000000000        1481.2608698540648     
   45.000000000000000        1514.9258896234753     
   46.000000000000000        1548.5909093928858     
   47.000000000000000        1582.2559291622963     
   48.000000000000000        1615.9209489317068     
   49.000000000000000        1649.5859687011173     
   50.000000000000000        1683.2509884705278     
   51.000000000000000        1716.9160082399383     
   52.000000000000000        1750.5810280093488     
   53.000000000000000        1784.2460477787592     
   54.000000000000000        1817.9110675481697     
   55.000000000000000        1851.5760873175802     
   56.000000000000000        1885.2411070869907     
   57.000000000000000        1918.9061268564012     
   58.000000000000000        1952.5711466258117     
   59.000000000000000        2049.9011861646327     
   60.000000000000000        2113.5662059340434     
   61.000000000000000        2177.2312257034541     
   62.000000000000000        2240.8962454728648     
   63.000000000000000        2304.5612652422756     
   64.000000000000000        2368.2262850116863     
   65.000000000000000        2431.8913047810970     
   66.000000000000000        2495.5563245505077     
   67.000000000000000        2559.2213443199184     
   68.000000000000000        2622.8863640893292     
   69.000000000000000        2686.5513838587399     
   70.000000000000000        2750.2164036281506     
   71.000000000000000        2813.8814233975613     
   72.000000000000000        2877.5464431669720     
   73.000000000000000        2941.2114629363828     
   74.000000000000000        3004.8764827057935     
   75.000000000000000        3068.5415024752042     
   76.000000000000000        3132.2065222446149     
   77.000000000000000        3195.8715420140256     
   78.000000000000000        3259.5365617834364     
   79.000000000000000        3323.2015815528471     
   80.000000000000000        3386.8666013222578     
   81.000000000000000        3450.5316210916685     
   82.000000000000000        3514.1966408610792     
   83.000000000000000        3577.8616606304900     
   84.000000000000000        3641.5266803999007     
   85.000000000000000        3705.1917001693114     
   86.000000000000000        3768.8567199387221     
   87.000000000000000        3832.5217397081328     
   88.000000000000000        3896.1867594775435     
   89.000000000000000        3959.8517792469543     
   90.000000000000000        4023.5167990163650     
   91.000000000000000        4087.1818187857757     
   92.000000000000000        4150.8468385551860     
   93.000000000000000        4214.5118583245967     
   94.000000000000000        4278.1768780940074     
   95.000000000000000        4341.8418978634181     
   96.000000000000000        4405.5069176328288     
   97.000000000000000        4469.1719374022396     
   98.000000000000000        4532.8369571716503     
   99.000000000000000        4596.5019769410610     
   100.00000000000000        4660.1669967104717     
   101.00000000000000        4723.8320164798824     
   102.00000000000000        4787.4970362492932     
   103.00000000000000        4851.1620560187039     
   104.00000000000000        4914.8270757881146     
   105.00000000000000        4978.4920955575253     
   106.00000000000000        5042.1571153269360     
   107.00000000000000        5105.8221350963468     
   108.00000000000000        5169.4871548657575     
   109.00000000000000        5233.1521746351682     
   110.00000000000000        5296.8171944045789     
   111.00000000000000        5360.4822141739896     
   112.00000000000000        5424.1472339434004     
   113.00000000000000        5487.8122537128111     
   114.00000000000000        5551.4772734822218     
   115.00000000000000        5615.1422932516325     
   116.00000000000000        5678.8073130210432     
   117.00000000000000        5742.4723327904539     
   118.00000000000000        5806.1373525598647     
   119.00000000000000        5869.8023723292754     
   120.00000000000000        5933.4673920986861     
   121.00000000000000        5997.1324118680968     
   122.00000000000000        6060.7974316375075     
   123.00000000000000        6124.4624514069183     
   124.00000000000000        6188.1274711763290     
   125.00000000000000        6251.7924909457397     
   126.00000000000000        6315.4575107151504     
   127.00000000000000        6379.1225304845611     
   128.00000000000000        6442.7875502539719     
   129.00000000000000        6506.4525700233826     
   130.00000000000000        6570.1175897927933     
   131.00000000000000        6747.4476293316147     
   132.00000000000000        6861.1126491010255     
   133.00000000000000        6974.7776688704362     
   134.00000000000000        7088.4426886398469     
   135.00000000000000        7202.1077084092576     
   136.00000000000000        7315.7727281786683     
   137.00000000000000        7429.4377479480790     
   138.00000000000000        7543.1027677174898     
   139.00000000000000        7656.7677874869005     
   140.00000000000000        7770.4328072563112     
   141.00000000000000        7884.0978270257219     
   142.00000000000000        7997.7628467951326     
   143.00000000000000        8111.4278665645434     
   144.00000000000000        8225.0928863339541     
   145.00000000000000        8338.7579061033648     
   146.00000000000000        8452.4229258727755     
   147.00000000000000        8566.0879456421862     
   148.00000000000000        8679.7529654115970     
   149.00000000000000        8793.4179851810077     

   1.0000000000000000        33.665019769410577     
   2.0000000000000000        67.330039538821154     
   3.0000000000000000        100.99505930823173     
   4.0000000000000000        134.66007907764231     
   5.0000000000000000        168.32509884705289     
   6.0000000000000000        201.99011861646346     
   7.0000000000000000        235.65513838587404     
   8.0000000000000000        269.32015815528462     
   9.0000000000000000        302.98517792469522     
   10.000000000000000        336.65019769410583     
   11.000000000000000        370.31521746351643     
   12.000000000000000        403.98023723292704     
   13.000000000000000        437.64525700233764     
   14.000000000000000        471.31027677174825     
   15.000000000000000        504.97529654115885     
   16.000000000000000        538.64031631056946     
   17.000000000000000        572.30533607998007     
   18.000000000000000        605.97035584939067     
   19.000000000000000        639.63537561880128     
   20.000000000000000        673.30039538821188     
   21.000000000000000        706.96541515762249     
   22.000000000000000        740.63043492703309     
   23.000000000000000        774.29545469644370     
   24.000000000000000        807.96047446585430     
   25.000000000000000        841.62549423526491     
   26.000000000000000        875.29051400467552     
   27.000000000000000        908.95553377408612     
   28.000000000000000        942.62055354349673     
   29.000000000000000        976.28557331290733     
   30.000000000000000        1009.9505930823179     
   31.000000000000000        1043.6156128517284     
   32.000000000000000        1077.2806326211389     
   33.000000000000000        1110.9456523905494     
   34.000000000000000        1144.6106721599599     
   35.000000000000000        1178.2756919293704     
   36.000000000000000        1211.9407116987809     
   37.000000000000000        1245.6057314681914     
   38.000000000000000        1279.2707512376019     
   39.000000000000000        1312.9357710070124     
   40.000000000000000        1346.6007907764229     
   41.000000000000000        1380.2658105458333     
   42.000000000000000        1413.9308303152438     
   43.000000000000000        1447.5958500846543     
   44.000000000000000        1481.2608698540648     
   45.000000000000000        1514.9258896234753     
   46.000000000000000        1548.5909093928858     
   47.000000000000000        1582.2559291622963     
   48.000000000000000        1615.9209489317068     
   49.000000000000000        1649.5859687011173     
   50.000000000000000        1683.2509884705278     
   51.000000000000000        1716.9160082399383     
   52.000000000000000        1750.5810280093488     
   53.000000000000000        1784.2460477787592     
   54.000000000000000        1817.9110675481697     
   55.000000000000000        1851.5760873175802     
   56.000000000000000        1885.2411070869907     
   57.000000000000000        1918.9061268564012     
   58.000000000000000        1952.5711466258117     
   59.000000000000000        2049.9011861646327     
   60.000000000000000        2113.5662059340434     
   61.000000000000000        2177.2312257034541     
   62.000000000000000        2240.8962454728648     
   63.000000000000000        2304.5612652422756     
   64.000000000000000        2368.2262850116863     
   65.000000000000000        2431.8913047810970     
   66.000000000000000        2495.5563245505077     
   67.000000000000000        2559.2213443199184     
   68.000000000000000        2622.8863640893292     
   69.000000000000000        2686.5513838587399     
   70.000000000000000        2750.2164036281506     
   71.000000000000000        2813.8814233975613     
   72.000000000000000        2877.5464431669720     
   73.000000000000000        2941.2114629363828     
   74.000000000000000        3004.8764827057935     
   75.000000000000000        3068.5415024752042     
   76.000000000000000        3132.2065222446149     
   77.000000000000000        3195.8715420140256     
   78.000000000000000        3259.5365617834364     
   79.000000000000000        3323.2015815528471     
   80.000000000000000        3386.8666013222578     
   81.000000000000000        3450.5316210916685     
   82.000000000000000        3514.1966408610792     
   83.000000000000000        3577.8616606304900     
   84.000000000000000        3641.5266803999007     
   85.000000000000000        3705.1917001693114     
   86.000000000000000        3768.8567199387221     
   87.000000000000000        3832.5217397081328     
   88.000000000000000        3896.1867594775435     
   89.000000000000000        3959.8517792469543     
   90.000000000000000        4023.5167990163650     
   91.000000000000000        4087.1818187857757     
   92.000000000000000        4150.8468385551860     
   93.000000000000000        4214.5118583245967     
   94.000000000000000        4278.1768780940074     
   95.000000000000000        4341.8418978634181     
   96.000000000000000        4405.5069176328288     
   97.000000000000000        4469.1719374022396     
   98.000000000000000        4532.8369571716503     
   99.000000000000000        4596.5019769410610     
   100.00000000000000        4660.1669967104717     
   101.00000000000000        4723.8320164798824     
   102.00000000000000        4787.4970362492932     
   103.00000000000000        4851.1620560187039     
   104.00000000000000        4914.8270757881146     
   105.00000000000000        4978.4920955575253     
   106.00000000000000        5042.1571153269360     
   107.00000000000000        5105.8221350963468     
   108.00000000000000        5169.4871548657575     
   109.00000000000000        5233.1521746351682     
   110.00000000000000        5296.8171944045789     
   111.00000000000000        5360.4822141739896     
   112.00000000000000        5424.1472339434004     
   113.00000000000000        5487.8122537128111     
   114.00000000000000        5551.4772734822218     
   115.00000000000000        5615.1422932516325     
   116.00000000000000        5678.8073130210432     
   117.00000000000000        5742.4723327904539     
   118.00000000000000        5806.1373525598647     
   119.00000000000000        5869.8023723292754     
   120.00000000000000        5933.4673920986861     
   121.00000000000000        5997.1324118680968     
   122.00000000000000        6060.7974316375075     
   123.00000000000000        6124.4624514069183     
   124.00000000000000        6188.1274711763290     
   125.00000000000000        6251.7924909457397     
   126.00000000000000        6315.4575107151504     
   127.00000000000000        6379.1225304845611     
   128.00000000000000        6442.7875502539719     
   129.00000000000000        6506.4525700233826     
   130.00000000000000        6570.1175897927933     
   131.00000000000000        6633.7826095622040     
   132.00000000000000        6697.4476293316147     
   133.00000000000000        6761.1126491010255     
   134.00000000000000        6824.7776688704362     
   135.00000000000000        6888.4426886398469     
   136.00000000000000        6952.1077084092576     
   137.00000000000000        7015.7727281786683     
   138.00000000000000        7079.4377479480790     
   139.00000000000000        7143.1027677174898     
   140.00000000000000        7206.7677874869005     
   141.00000000000000        7270.4328072563112     
   142.00000000000000        7334.0978270257219     
   143.00000000000000        7397.7628467951326     
   144.00000000000000        7461.4278665645434     
   145.00000000000000        7525.0928863339541     
   146.00000000000000        7702.4229258727755     
   147.00000000000000        7816.0879456421862     
   148.00000000000000        7929.7529654115970     
   149.00000000000000        8043.4179851810077     
   150.00000000000000        8157.0830049504184     
   151.00000000000000        8270.7480247198291     
   152.00000000000000        8384.4130444892398     
   153.00000000000000        8498.0780642586506     
   154.00000000000000        8611.7430840280613     
   155.00000000000000        8725.4081037974720     
   156.00000000000000        8839.0731235668827     
   157.00000000000000        8952.7381433362934     
   158.00000000000000        9066.4031631057042     
   159.00000000000000        9180.0681828751149     
   160.00000000000000        9293.7332026445256     

   1.0000000000000000        33.665019769410577     
   2.0000000000000000        67.330039538821154     
   3.0000000000000000        100.99505930823173     
   4.0000000000000000        134.66007907764231     
   5.0000000000000000        168.32509884705289     
   6.0000000000000000        201.99011861646346     
   7.0000000000000000        235.65513838587404     
   8.0000000000000000        269.32015815528462     
   9.0000000000000000        302.98517792469522     
   10.000000000000000        336.65019769410583     
   11.000000000000000        370.31521746351643     
   12.000000000000000        403.98023723292704     
   13.000000000000000        437.64525700233764     
   14.000000000000000        471.31027677174825     
   15.000000000000000        504.97529654115885     
   16.000000000000000        538.64031631056946     
   17.000000000000000        572.30533607998007     
   18.000000000000000        605.97035584939067     
   19.000000000000000        639.63537561880128     
   20.000000000000000        673.30039538821188     
   21.000000000000000        706.96541515762249     
   22.000000000000000        740.63043492703309     
   23.000000000000000        774.29545469644370     
   24.000000000000000        807.96047446585430     
   25.000000000000000        841.62549423526491     
   26.000000000000000        875.29051400467552     
   27.000000000000000        908.95553377408612     
   28.000000000000000        942.62055354349673     
   29.000000000000000        976.28557331290733     
   30.000000000000000        1009.9505930823179     
   31.000000000000000        1043.6156128517284     
   32.000000000000000        1077.2806326211389     
   33.000000000000000        1110.9456523905494     
   34.000000000000000        1144.6106721599599     
   35.000000000000000        1178.2756919293704     
   36.000000000000000        1211.9407116987809     
   37.000000000000000        1245.6057314681914     
   38.000000000000000        1279.2707512376019     
   39.000000000000000        1312.9357710070124     
   40.000000000000000        1346.6007907764229     
   41.000000000000000        1380.2658105458333     
   42.000000000000000        1413.9308303152438     
   43.000000000000000        1447.5958500846543     
   44.000000000000000        1481.2608698540648     
   45.000000000000000        1514.9258896234753     
   46.000000000000000        1548.5909093928858     
   47.000000000000000        1582.2559291622963     
   48.000000000000000        1615.9209489317068     
   49.000000000000000        1649.5859687011173     
   50.000000000000000        1683.2509884705278     
   51.000000000000000        1716.9160082399383     
   52.000000000000000        1750.5810280093488     
   53.000000000000000        1784.2460477787592     
   54.000000000000000        1817.9110675481697     
   55.000000000000000        1851.5760873175802     
   56.000000000000000        1885.2411070869907     
   57.000000000000000        1918.9061268564012     
   58.000000000000000        1952.5711466258117     
   59.000000000000000        2049.9011861646327     
   60.000000000000000        2113.5662059340434     
   61.000000000000000        2177.2312257034541     
   62.000000000000000        2240.8962454728648     
   63.000000000000000        2304.5612652422756     
   64.000000000000000        2368.2262850116863     
   65.000000000000000        2431.8913047810970     
   66.000000000000000        2495.5563245505077     
   67.000000000000000        2559.2213443199184     
   68.000000000000000        2622.8863640893292     
   69.000000000000000        2686.5513838587399     
   70.000000000000000        2750.2164036281506     
   71.000000000000000        2813.8814233975613     
   72.000000000000000        2877.5464431669720     
   73.000000000000000        2941.2114629363828     
   74.000000000000000        3004.8764827057935     
   75.000000000000000        3068.5415024752042     
   76.000000000000000        3132.2065222446149     
   77.000000000000000        3195.8715420140256     
   78.000000000000000        3259.5365617834364     
   79.000000000000000        3323.2015815528471     
   80.000000000000000        3386.8666013222578     
   81.000000000000000        3450.5316210916685     
   82.000000000000000        3514.1966408610792     
   83.000000000000000        3577.8616606304900     
   84.000000000000000        3641.5266803999007     
   85.000000000000000        3705.1917001693114     
   86.000000000000000        3768.8567199387221     
   87.000000000000000        3832.5217397081328     
   88.000000000000000        3896.1867594775435     
   89.000000000000000        3959.8517792469543     
   90.000000000000000        4023.5167990163650     
   91.000000000000000        4087.1818187857757     
   92.000000000000000        4150.8468385551860     
   93.000000000000000        4214.5118583245967     
   94.000000000000000        4278.1768780940074     
   95.000000000000000        4341.8418978634181     
   96.000000000000000        4405.5069176328288     
   97.000000000000000        4469.1719374022396     
   98.000000000000000        4532.8369571716503     
   99.000000000000000        4596.5019769410610     
   100.00000000000000        4660.1669967104717     
   101.00000000000000        4723.8320164798824     
   102.00000000000000        4787.4970362492932     
   103.00000000000000        4851.1620560187039     
   104.00000000000000        4914.8270757881146     
   105.00000000000000        4978.4920955575253     
   106.00000000000000        5042.1571153269360     
   107.00000000000000        5105.8221350963468     
   108.00000000000000        5169.4871548657575     
   109.00000000000000        5233.1521746351682     
   110.00000000000000        5296.8171944045789     
   111.00000000000000        5360.4822141739896     
   112.00000000000000        5424.1472339434004     
   113.00000000000000        5487.8122537128111     
   114.00000000000000        5551.4772734822218     
   115.00000000000000        5615.1422932516325     
   116.00000000000000        5678.8073130210432     
   117.00000000000000        5742.4723327904539     
   118.00000000000000        5806.1373525598647     
   119.00000000000000        5869.8023723292754     
   120.00000000000000        5933.4673920986861     
   121.00000000000000        5997.1324118680968     
   122.00000000000000        6060.7974316375075     
   123.00000000000000        6124.4624514069183     
   124.00000000000000        6188.1274711763290     
   125.00000000000000        6251.7924909457397     
   126.00000000000000        6315.4575107151504     
   127.00000000000000        6379.1225304845611     
   128.00000000000000        6442.7875502539719     
   129.00000000000000        6506.4525700233826     
   130.00000000000000        6570.1175897927933     
   131.00000000000000        6633.7826095622040     
   132.00000000000000        6697.4476293316147     
   133.00000000000000        6761.1126491010255     
   134.00000000000000        6824.7776688704362     
   135.00000000000000        6888.4426886398469     
   136.00000000000000        6952.1077084092576     
   137.00000000000000        7015.7727281786683     
   138.00000000000000        7079.4377479480790     
   139.00000000000000        7143.1027677174898     
   140.00000000000000        7206.7677874869005     
   141.00000000000000        7270.4328072563112     
   142.00000000000000        7334.0978270257219     
   143.00000000000000        7397.7628467951326     
   144.00000000000000        7461.4278665645434     
   145.00000000000000        7525.0928863339541     
   146.00000000000000        7588.7579061033648     
   147.00000000000000        7652.4229258727755     
   148.00000000000000        7829.7529654115970     
   149.00000000000000        7943.4179851810077     
   150.00000000000000        8057.0830049504184     
   151.00000000000000        8170.7480247198291     
   152.00000000000000        8284.4130444892398     
   153.00000000000000        8398.0780642586506     
   154.00000000000000        8511.7430840280613     
   155.00000000000000        8625.4081037974720     
   156.00000000000000        8739.0731235668827     
   157.00000000000000        8852.7381433362934     
   158.00000000000000        8966.4031631057042     
   159.00000000000000        9080.0681828751149     
   160.00000000000000        9193.7332026445256     
   161.00000000000000        9307.3982224139363     

   1.0000000000000000        33.665019769410577     
   2.0000000000000000        67.330039538821154     
   3.0000000000000000        100.99505930823173     
   4.0000000000000000        134.66007907764231     
   5.0000000000000000        168.32509884705289     
   6.0000000000000000        201.99011861646346     
   7.0000000000000000        235.65513838587404     
   8.0000000000000000        269.32015815528462     
   9.0000000000000000        302.98517792469522     
   10.000000000000000        336.65019769410583     
   11.000000000000000        370.31521746351643     
   12.000000000000000        403.98023723292704     
   13.000000000000000        437.64525700233764     
   14.000000000000000        471.31027677174825     
   15.000000000000000        504.97529654115885     
   16.000000000000000        538.64031631056946     
   17.000000000000000        572.30533607998007     
   18.000000000000000        605.97035584939067     
   19.000000000000000        639.63537561880128     
   20.000000000000000        673.30039538821188     
   21.000000000000000        706.96541515762249     
   22.000000000000000        740.63043492703309     
   23.000000000000000        774.29545469644370     
   24.000000000000000        807.96047446585430     
   25.000000000000000        841.62549423526491     
   26.000000000000000        875.29051400467552     
   27.000000000000000        908.95553377408612     
   28.000000000000000        942.62055354349673     
   29.000000000000000        976.28557331290733     
   30.000000000000000        1009.9505930823179     
   31.000000000000000        1043.6156128517284     
   32.000000000000000        1077.2806326211389     
   33.000000000000000        1110.9456523905494     
   34.000000000000000        1144.6106721599599     
   35.000000000000000        1178.2756919293704     
   36.000000000000000        1211.9407116987809     
   37.000000000000000        1245.6057314681914     
   38.000000000000000        1279.2707512376019     
   39.000000000000000        1312.9357710070124     
   40.000000000000000        1346.6007907764229     
   41.000000000000000        1380.2658105458333     
   42.000000000000000        1413.9308303152438     
   43.000000000000000        1447.5958500846543     
   44.000000000000000        1481.2608698540648     
   45.000000000000000        1514.9258896234753     
   46.000000000000000        1548.5909093928858     
   47.000000000000000        1582.2559291622963     
   48.000000000000000        1615.9209489317068     
   49.000000000000000        1649.5859687011173     
   50.000000000000000        1683.2509884705278     
   51.000000000000000        1716.9160082399383     
   52.000000000000000        1750.5810280093488     
   53.000000000000000        1784.2460477787592     
   54.000000000000000        1817.9110675481697     
   55.000000000000000        1851.5760873175802     
   56.000000000000000        1885.2411070869907     
   57.000000000000000        1918.9061268564012     
   58.000000000000000        1952.5711466258117     
   59.000000000000000        2049.9011861646327     
   60.000000000000000        2113.5662059340434     
   61.000000000000000        2177.2312257034541     
   62.000000000000000        2240.8962454728648     
   63.000000000000000        2304.5612652422756     
   64.000000000000000        2368.2262850116863     
   65.000000000000000        2431.8913047810970     
   66.000000000000000        2495.5563245505077     
   67.000000000000000        2559.2213443199184     
   68.000000000000000        2622.8863640893292     
   69.000000000000000        2686.5513838587399     
   70.000000000000000        2750.2164036281506     
   71.000000000000000        2813.8814233975613     
   72.000000000000000        2877.5464431669720     
   73.000000000000000        2941.2114629363828     
   74.000000000000000        3004.8764827057935     
   75.000000000000000        3068.5415024752042     
   76.000000000000000        3132.2065222446149     
   77.000000000000000        3195.8715420140256     
   78.000000000000000        3259.5365617834364     
   79.000000000000000        3323.2015815528471     
   80.000000000000000        3386.8666013222578     
   81.000000000000000        3450.5316210916685     
   82.000000000000000        3514.1966408610792     
   83.000000000000000        3577.8616606304900     
   84.000000000000000        3641.5266803999007     
   85.000000000000000        3705.1917001693114     
   86.000000000000000        3768.8567199387221     
   87.000000000000000        3832.5217397081328     
   88.000000000000000        3896.1867594775435     
   89.000000000000000        3959.8517792469543     
   90.000000000000000        4023.5167990163650     
   91.000000000000000        4087.1818187857757     
   92.000000000000000        4150.8468385551860     
   93.000000000000000        4214.5118583245967     
   94.000000000000000        4278.1768780940074     
   95.000000000000000        4341.8418978634181     
   96.000000000000000        4405.5069176328288     
   97.000000000000000        4469.1719374022396     
   98.000000000000000        4532.8369571716503     
   99.000000000000000        4596.5019769410610     
   100.00000000000000        4660.1669967104717     
   101.00000000000000        4723.8320164798824     
   102.00000000000000        4787.4970362492932     
   103.00000000000000        4851.1620560187039     
   104.00000000000000        4914.8270757881146     
   105.00000000000000        4978.4920955575253     
   106.00000000000000        5042.1571153269360     
   107.00000000000000        5105.8221350963468     
   108.00000000000000        5169.4871548657575     
   109.00000000000000        5233.1521746351682     
   110.00000000000000        5296.8171944045789     
   111.00000000000000        5360.4822141739896     
   112.00000000000000        5424.1472339434004     
   113.00000000000000        5487.8122537128111     
   114.00000000000000        5551.4772734822218     
   115.00000000000000        5615.1422932516325     
   116.00000000000000        5678.8073130210432     
   117.00000000000000        5742.4723327904539     
   118.00000000000000        5806.1373525598647     
   119.00000000000000        5869.8023723292754     
   120.00000000000000        5933.4673920986861     
   121.00000000000000        5997.1324118680968     
   122.00000000000000        6060.7974316375075     
   123.00000000000000        6124.4624514069183     
   124.00000000000000        6188.1274711763290     
   125.00000000000000        6251.7924909457397     
   126.00000000000000        6315.4575107151504     
   127.00000000000000        6379.1225304845611     
   128.00000000000000        6442.7875502539719     
   129.00000000000000        6506.4525700233826     
   130.00000000000000        6570.1175897927933     
   131.00000000000000        6633.7826095622040     
   132.00000000000000        6697.4476293316147     
   133.00000000000000        6761.1126491010255     
   134.00000000000000        6824.7776688704362     
   135.00000000000000        6888.4426886398469     
   136.00000000000000        6952.1077084092576     
   137.00000000000000        7015.7727281786683     
   138.00000000000000        7079.4377479480790     
   139.00000000000000        7143.1027677174898     
   140.00000000000000        7206.7677874869005     
   141.00000000000000        7270.4328072563112     
   142.00000000000000        7334.0978270257219     
   143.00000000000000        7397.7628467951326     
   144.00000000000000        7461.4278665645434     
   145.00000000000000        7525.0928863339541     
   146.00000000000000        7588.7579061033648     
   147.00000000000000        7766.0879456421862     
   148.00000000000000        7879.7529654115970     
   149.00000000000000        7993.4179851810077     
   150.00000000000000        8107.0830049504184     
   151.00000000000000        8220.7480247198291     
   152.00000000000000        8334.4130444892398     
   153.00000000000000        8448.0780642586506     
   154.00000000000000        8561.7430840280613     
   155.00000000000000        8675.4081037974720     
   156.00000000000000        8789.0731235668827     
   157.00000000000000        8902.7381433362934     
   158.00000000000000        9016.4031631057042     
   159.00000000000000        9130.0681828751149     
   160.00000000000000        9243.7332026445256     

   1.0000000000000000        33.665019769410577     
   2.0000000000000000        67.330039538821154     
   3.0000000000000000        100.99505930823173     
   4.0000000000000000        134.66007907764231     
   5.0000000000000000        168.32509884705289     
   6.0000000000000000        201.99011861646346     
   7.0000000000000000        235.65513838587404     
   8.0000000000000000        269.32015815528462     
   9.0000000000000000        302.98517792469522     
   10.000000000000000        336.65019769410583     
   11.000000000000000        370.31521746351643     
   12.000000000000000        403.98023723292704     
   13.000000000000000        437.64525700233764     
   14.000000000000000        471.31027677174825     
   15.000000000000000        504.97529654115885     
   16.000000000000000        538.64031631056946     
   17.000000000000000        572.30533607998007     
   18.000000000000000        605.97035584939067     
   19.000000000000000        639.63537561880128     
   20.000000000000000        673.30039538821188     
   21.000000000000000        706.96541515762249     
   22.000000000000000        740.63043492703309     
   23.000000000000000        774.29545469644370     
   24.000000000000000        807.96047446585430     
   25.000000000000000        841.62549423526491     
   26.000000000000000        875.29051400467552     
   27.000000000000000        908.95553377408612     
   28.000000000000000        942.62055354349673     
   29.000000000000000        976.28557331290733     
   30.000000000000000        1009.9505930823179     
   31.000000000000000        1043.6156128517284     
   32.000000000000000        1077.2806326211389     
   33.000000000000000        1110.9456523905494     
   34.000000000000000        1144.6106721599599     
   35.000000000000000        1178.2756919293704     
   36.000000000000000        1211.9407116987809     
   37.000000000000000        1245.6057314681914     
   38.000000000000000        1279.2707512376019     
   39.000000000000000        1312.9357710070124     
   40.000000000000000        1346.6007907764229     
   41.000000000000000        1380.2658105458333     
   42.000000000000000        1413.9308303152438     
   43.000000000000000        1447.5958500846543     
   44.000000000000000        1481.2608698540648     
   45.000000000000000        1514.9258896234753     
   46.000000000000000        1548.5909093928858     
   47.000000000000000        1582.2559291622963     
   48.000000000000000        1615.9209489317068     
   49.000000000000000        1649.5859687011173     
   50.000000000000000        1683.2509884705278     
   51.000000000000000        1716.9160082399383     
   52.000000000000000        1750.5810280093488     
   53.000000000000000        1784.2460477787592     
   54.000000000000000        1817.9110675481697     
   55.000000000000000        1851.5760873175802     
   56.000000000000000        1885.2411070869907     
   57.000000000000000        1918.9061268564012     
   58.000000000000000        1952.5711466258117     
   59.000000000000000        2049.9011861646327     
   60.000000000000000        2113.5662059340434     
   61.000000000000000        2177.2312257034541     
   62.000000000000000        2240.8962454728648     
   63.000000000000000        2304.5612652422756     
   64.000000000000000        2368.2262850116863     
   65.000000000000000        2431.8913047810970     
   66.000000000000000        2495.5563245505077     
   67.000000000000000        2559.2213443199184     
   68.000000000000000        2622.8863640893292     
   69.000000000000000        2686.5513838587399     
   70.000000000000000        2750.2164036281506     
   71.000000000000000        2813.8814233975613     
   72.000000000000000        2877.5464431669720     
   73.000000000000000        2941.2114629363828     
   74.000000000000000        3004.8764827057935     
   75.000000000000000        3068.5415024752042     
   76.000000000000000        3132.2065222446149     
   77.000000000000000        3195.8715420140256     
   78.000000000000000        3259.5365617834364     
   79.000000000000000        3323.2015815528471     
   80.000000000000000        3386.8666013222578     
   81.000000000000000        3450.5316210916685     
   82.000000000000000        3514.1966408610792     
   83.000000000000000        3577.8616606304900     
   84.000000000000000        3641.5266803999007     
   85.000000000000000        3705.1917001693114     
   86.000000000000000        3768.8567199387221     
   87.000000000000000        3832.5217397081328     
   88.000000000000000        3896.1867594775435     
   89.000000000000000        3959.8517792469543     
   90.000000000000000        4023.5167990163650     
   91.000000000000000        4087.1818187857757     
   92.000000000000000        4150.8468385551860     
   93.000000000000000        4214.5118583245967     
   94.000000000000000        4278.1768780940074     
   95.000000000000000        4341.8418978634181     
   96.000000000000000        4405.5069176328288     
   97.000000000000000        4469.1719374022396     
   98.000000000000000        4532.8369571716503     
   99.000000000000000        4596.5019769410610     
   100.00000000000000        4660.1669967104717     
   101.00000000000000        4723.8320164798824     
   102.00000000000000        4787.4970362492932     
   103.00000000000000        4851.1620560187039     
   104.00000000000000        4914.8270757881146     
   105.00000000000000        4978.4920955575253     
   106.00000000000000        5042.1571153269360     
   107.00000000000000        5105.8221350963468     
   108.00000000000000        5169.4871548657575     
   109.00000000000000        5233.1521746351682     
   110.00000000000000        5296.8171944045789     
   111.00000000000000        5360.4822141739896     
   112.00000000000000        5424.1472339434004     
   113.00000000000000        5487.8122537128111     
   114.00000000000000        5551.4772734822218     
   115.00000000000000        5615.1422932516325     
   116.00000000000000        5678.8073130210432     
   117.00000000000000        5742.4723327904539     
   118.00000000000000        5806.1373525598647     
   119.00000000000000        5869.8023723292754     
   120.00000000000000        5933.4673920986861     
   121.00000000000000        5997.1324118680968     
   122.00000000000000        6060.7974316375075     
   123.00000000000000        6124.4624514069183     
   124.00000000000000        6188.1274711763290     
   125.00000000000000        6251.7924909457397     
   126.00000000000000        6315.4575107151504     
   127.00000000000000        6379.1225304845611     
   128.00000000000000        6442.7875502539719     
   129.00000000000000        6506.4525700233826     
   130.00000000000000        6570.1175897927933     
   131.00000000000000        6633.7826095622040     
   132.00000000000000        6697.4476293316147     
   133.00000000000000        6761.1126491010255     
   134.00000000000000        6824.7776688704362     
   135.00000000000000        6888.4426886398469     
   136.00000000000000        6952.1077084092576     
   137.00000000000000        7015.7727281786683     
   138.00000000000000        7079.4377479480790     
   139.00000000000000        7256.7677874869005     
   140.00000000000000        7370.4328072563112     
   141.00000000000000        7484.0978270257219     
   142.00000000000000        7597.7628467951326     
   143.00000000000000        7711.4278665645434     
   144.00000000000000        7825.0928863339541     
   145.00000000000000        7938.7579061033648     
   146.00000000000000        8052.4229258727755     
   147.00000000000000        8166.0879456421862     
   148.00000000000000        8279.7529654115970     
   149.00000000000000        8393.4179851810077     
   150.00000000000000        8507.0830049504184     
   151.00000000000000        8620.7480247198291     
   152.00000000000000        8734.4130444892398     
   153.00000000000000        8848.0780642586506     
   154.00000000000000        8961.7430840280613     

   1.0000000000000000        33.665019769410577     
   2.0000000000000000        67.330039538821154     
   3.0000000000000000        100.99505930823173     
   4.0000000000000000        134.66007907764231     
   5.0000000000000000        168.32509884705289     
   6.0000000000000000        201.99011861646346     
   7.0000000000000000        235.65513838587404     
   8.0000000000000000        269.32015815528462     
   9.0000000000000000        302.98517792469522     
   10.000000000000000        336.65019769410583     
   11.000000000000000        370.31521746351643     
   12.000000000000000        403.98023723292704     
   13.000000000000000        437.64525700233764     
   14.000000000000000        471.31027677174825     
   15.000000000000000        504.97529654115885     
   16.000000000000000        538.64031631056946     
   17.000000000000000        572.30533607998007     
   18.000000000000000        605.97035584939067     
   19.000000000000000        639.63537561880128     
   20.000000000000000        673.30039538821188     
   21.000000000000000        706.96541515762249     
   22.000000000000000        740.63043492703309     
   23.000000000000000        774.29545469644370     
   24.000000000000000        807.96047446585430     
   25.000000000000000        841.62549423526491     
   26.000000000000000        875.29051400467552     
   27.000000000000000        908.95553377408612     
   28.000000000000000        942.62055354349673     
   29.000000000000000        976.28557331290733     
   30.000000000000000        1009.9505930823179     
   31.000000000000000        1043.6156128517284     
   32.000000000000000        1077.2806326211389     
   33.000000000000000        1110.9456523905494     
   34.000000000000000        1144.6106721599599     
   35.000000000000000        1178.2756919293704     
   36.000000000000000        1211.9407116987809     
   37.000000000000000        1245.6057314681914     
   38.000000000000000        1279.2707512376019     
   39.000000000000000        1312.9357710070124     
   40.000000000000000        1346.6007907764229     
   41.000000000000000        1380.2658105458333     
   42.000000000000000        1413.9308303152438     
   43.000000000000000        1447.5958500846543     
   44.000000000000000        1481.2608698540648     
   45.000000000000000        1514.9258896234753     
   46.000000000000000        1548.5909093928858     
   47.000000000000000        1582.2559291622963     
   48.000000000000000        1615.9209489317068     
   49.000000000000000        1649.5859687011173     
   50.000000000000000        1683.2509884705278     
   51.000000000000000        1716.9160082399383     
   52.000000000000000        1750.5810280093488     
   53.000000000000000        1784.2460477787592     
   54.000000000000000        1817.9110675481697     
   55.000000000000000        1851.5760873175802     
   56.000000000000000        1885.2411070869907     
   57.000000000000000        1918.9061268564012     
   58.000000000000000        1952.5711466258117     
   59.000000000000000        2049.9011861646327     
   60.000000000000000        2113.5662059340434     
   61.000000000000000        2177.2312257034541     
   62.000000000000000        2240.8962454728648     
   63.000000000000000        2304.5612652422756     
   64.000000000000000        2368.2262850116863     
   65.000000000000000        2431.8913047810970     
   66.000000000000000        2495.5563245505077     
   67.000000000000000        2559.2213443199184     
   68.000000000000000        2622.8863640893292     
   69.000000000000000        2686.5513838587399     
   70.000000000000000        2750.2164036281506     
   71.000000000000000        2813.8814233975613     
   72.000000000000000        2877.5464431669720     
   73.000000000000000        2941.2114629363828     
   74.000000000000000        3004.8764827057935     
   75.000000000000000        3068.5415024752042     
   76.000000000000000        3132.2065222446149     
   77.000000000000000        3195.8715420140256     
   78.000000000000000        3259.5365617834364     
   79.000000000000000        3323.2015815528471     
   80.000000000000000        3386.8666013222578     
   81.000000000000000        3450.5316210916685     
   82.000000000000000        3514.1966408610792     
   83.000000000000000        3577.8616606304900     
   84.000000000000000        3641.5266803999007     
   85.000000000000000        3705.1917001693114     
   86.000000000000000        3768.8567199387221     
   87.000000000000000        3832.5217397081328     
   88.000000000000000        3896.1867594775435     
   89.000000000000000        3959.8517792469543     
   90.000000000000000        4023.5167990163650     
   91.000000000000000        4087.1818187857757     
   92.000000000000000        4150.8468385551860     
   93.000000000000000        4214.5118583245967     
   94.000000000000000        4278.1768780940074     
   95.000000000000000        4341.8418978634181     
   96.000000000000000        4405.5069176328288     
   97.000000000000000        4469.1719374022396     
   98.000000000000000        4532.8369571716503     
   99.000000000000000        4596.5019769410610     
   100.00000000000000        4660.1669967104717     
   101.00000000000000        4723.8320164798824     
   102.00000000000000        4787.4970362492932     
   103.00000000000000        4851.1620560187039     
   104.00000000000000        4914.8270757881146     
   105.00000000000000        4978.4920955575253     
   106.00000000000000        5042.1571153269360     
   107.00000000000000        5105.8221350963468     
   108.00000000000000        5169.4871548657575     
   109.00000000000000        5233.1521746351682     
   110.00000000000000        5296.8171944045789     
   111.00000000000000        5360.4822141739896     
   112.00000000000000        5424.1472339434004     
   113.00000000000000        5487.8122537128111     
   114.00000000000000        5551.4772734822218     
   115.00000000000000        5615.1422932516325     
   116.00000000000000        5678.8073130210432     
   117.00000000000000        5742.4723327904539     
   118.00000000000000        5806.1373525598647     
   119.00000000000000        5869.8023723292754     
   120.00000000000000        5933.4673920986861     
   121.00000000000000        5997.1324118680968     
   122.00000000000000        6060.7974316375075     
   123.00000000000000        6124.4624514069183     
   124.00000000000000        6188.1274711763290     
   125.00000000000000        6251.7924909457397     
   126.00000000000000        6315.4575107151504     
   127.00000000000000        6379.1225304845611     
   128.00000000000000        6442.7875502539719     
   129.00000000000000        6506.4525700233826     
   130.00000000000000        6570.1175897927933     
   131.00000000000000        6633.7826095622040     
   132.00000000000000        6697.4476293316147     
   133.00000000000000        6761.1126491010255     
   134.00000000000000        6824.7776688704362     
   135.00000000000000        6888.4426886398469     
   136.00000000000000        6952.1077084092576     
   137.00000000000000        7015.7727281786683     
   138.00000000000000        7079.4377479480790     
   139.00000000000000        7143.1027677174898     
   140.00000000000000        7206.7677874869005     
   141.00000000000000        7270.4328072563112     
   142.00000000000000        7334.0978270257219     
   143.00000000000000        7397.7628467951326     
   144.00000000000000        7461.4278665645434     
   145.00000000000000        7525.0928863339541     
   146.00000000000000        7588.7579061033648     
   147.00000000000000        7652.4229258727755     
   148.00000000000000        7829.7529654115970     
   149.00000000000000        7943.4179851810077     
   150.00000000000000        8057.0830049504184     
   151.00000000000000        8170.7480247198291     
   152.00000000000000        8284.4130444892398     
   153.00000000000000        8398.0780642586506     
   154.00000000000000        8511.7430840280613     
   155.00000000000000        8625.4081037974720     
   156.00000000000000        8739.0731235668827     
   157.00000000000000        8852.7381433362934     
   158.00000000000000        8966.4031631057042     
   159.00000000000000        9080.0681828751149     
   160.00000000000000        9193.7332026445256     
   161.00000000000000        9307.3982224139363     

   1.0000000000000000        33.665019769410577     
   2.0000000000000000        67.330039538821154     
   3.0000000000000000        100.99505930823173     
   4.0000000000000000        134.66007907764231     
   5.0000000000000000        168.32509884705289     
   6.0000000000000000        201.99011861646346     
   7.0000000000000000        235.65513838587404     
   8.0000000000000000        269.32015815528462     
   9.0000000000000000        302.98517792469522     
   10.000000000000000        336.65019769410583     
   11.000000000000000        370.31521746351643     
   12.000000000000000        403.98023723292704     
   13.000000000000000        437.64525700233764     
   14.000000000000000        471.31027677174825     
   15.000000000000000        504.97529654115885     
   16.000000000000000        538.64031631056946     
   17.000000000000000        572.30533607998007     
   18.000000000000000        605.97035584939067     
   19.000000000000000        639.63537561880128     
   20.000000000000000        673.30039538821188     
   21.000000000000000        706.96541515762249     
   22.000000000000000        740.63043492703309     
   23.000000000000000        774.29545469644370     
   24.000000000000000        807.96047446585430     
   25.000000000000000        841.62549423526491     
   26.000000000000000        875.29051400467552     
   27.000000000000000        908.95553377408612     
   28.000000000000000        942.62055354349673     
   29.000000000000000        976.28557331290733     
   30.000000000000000        1009.9505930823179     
   31.000000000000000        1043.6156128517284     
   32.000000000000000        1077.2806326211389     
   33.000000000000000        1110.9456523905494     
   34.000000000000000        1144.6106721599599     
   35.000000000000000        1178.2756919293704     
   36.000000000000000        1211.9407116987809     
   37.000000000000000        1245.6057314681914     
   38.000000000000000        1279.2707512376019     
   39.000000000000000        1312.9357710070124     
   40.000000000000000        1346.6007907764229     
   41.000000000000000        1380.2658105458333     
   42.000000000000000        1413.9308303152438     
   43.000000000000000        1447.5958500846543     
   44.000000000000000        1481.2608698540648     
   45.000000000000000        1514.9258896234753     
   46.000000000000000        1548.5909093928858     
   47.000000000000000        1582.2559291622963     
   48.000000000000000        1615.9209489317068     
   49.000000000000000        1649.5859687011173     
   50.000000000000000        1683.2509884705278     
   51.000000000000000        1716.9160082399383     
   52.000000000000000        1750.5810280093488     
   53.000000000000000        1784.2460477787592     
   54.000000000000000        1817.9110675481697     
   55.000000000000000        1851.5760873175802     
   56.000000000000000        1885.2411070869907     
   57.000000000000000        1918.9061268564012     
   58.000000000000000        1952.5711466258117     
   59.000000000000000        2049.9011861646327     
   60.000000000000000        2113.5662059340434     
   61.000000000000000        2177.2312257034541     
   62.000000000000000        2240.8962454728648     
   63.000000000000000        2304.5612652422756     
   64.000000000000000        2368.2262850116863     
   65.000000000000000        2431.8913047810970     
   66.000000000000000        2495.5563245505077     
   67.000000000000000        2559.2213443199184     
   68.000000000000000        2622.8863640893292     
   69.000000000000000        2686.5513838587399     
   70.000000000000000        2750.2164036281506     
   71.000000000000000        2813.8814233975613     
   72.000000000000000        2877.5464431669720     
   73.000000000000000        2941.2114629363828     
   74.000000000000000        3004.8764827057935     
   75.000000000000000        3068.5415024752042     
   76.000000000000000        3132.2065222446149     
   77.000000000000000        3195.8715420140256     
   78.000000000000000        3259.5365617834364     
   79.000000000000000        3323.2015815528471     
   80.000000000000000        3386.8666013222578     
   81.000000000000000        3450.5316210916685     
   82.000000000000000        3514.1966408610792     
   83.000000000000000        3577.8616606304900     
   84.000000000000000        3641.5266803999007     
   85.000000000000000        3705.1917001693114     
   86.000000000000000        3768.8567199387221     
   87.000000000000000        3832.5217397081328     
   88.000000000000000        3896.1867594775435     
   89.000000000000000        3959.8517792469543     
   90.000000000000000        4023.5167990163650     
   91.000000000000000        4087.1818187857757     
   92.000000000000000        4150.8468385551860     
   93.000000000000000        4214.5118583245967     
   94.000000000000000        4278.1768780940074     
   95.000000000000000        4341.8418978634181     
   96.000000000000000        4405.5069176328288     
   97.000000000000000        4469.1719374022396     
   98.000000000000000        4532.8369571716503     
   99.000000000000000        4596.5019769410610     
   100.00000000000000        4660.1669967104717     
   101.00000000000000        4723.8320164798824     
   102.00000000000000        4787.4970362492932     
   103.00000000000000        4851.1620560187039     
   104.00000000000000        4914.8270757881146     
   105.00000000000000        4978.4920955575253     
   106.00000000000000        5042.1571153269360     
   107.00000000000000        5105.8221350963468     
   108.00000000000000        5169.4871548657575     
   109.00000000000000        5233.1521746351682     
   110.00000000000000        5296.8171944045789     
   111.00000000000000        5360.4822141739896     
   112.00000000000000        5424.1472339434004     
   113.00000000000000        5487.8122537128111     
   114.00000000000000        5551.4772734822218     
   115.00000000000000        5615.1422932516325     
   116.00000000000000        5678.8073130210432     
   117.00000000000000        5742.4723327904539     
   118.00000000000000        5806.1373525598647     
   119.00000000000000        5869.8023723292754     
   120.00000000000000        5933.4673920986861     
   121.00000000000000        5997.1324118680968     
   122.00000000000000        6060.7974316375075     
   123.00000000000000        6124.4624514069183     
   124.00000000000000        6188.1274711763290     
   125.00000000000000        6251.7924909457397     
   126.00000000000000        6315.4575107151504     
   127.00000000000000        6379.1225304845611     
   128.00000000000000        6442.7875502539719     
   129.00000000000000        6506.4525700233826     
   130.00000000000000        6570.1175897927933     
   131.00000000000000        6633.7826095622040     
   132.00000000000000        6697.4476293316147     
   133.00000000000000        6761.1126491010255     
   134.00000000000000        6824.7776688704362     
   135.00000000000000        6888.4426886398469     
   136.00000000000000        6952.1077084092576     
   137.00000000000000        7015.7727281786683     
   138.00000000000000        7079.4377479480790     
   139.00000000000000        7143.1027677174898     
   140.00000000000000        7320.4328072563112     
   141.00000000000000        7434.0978270257219     
   142.00000000000000        7547.7628467951326     
   143.00000000000000        7661.4278665645434     
   144.00000000000000        7775.0928863339541     
   145.00000000000000        7888.7579061033648     
   146.00000000000000        8002.4229258727755     
   147.00000000000000        8116.0879456421862     
   148.00000000000000        8229.7529654115970     
   149.00000000000000        8343.4179851810077     
   150.00000000000000        8457.0830049504184     
   151.00000000000000        8570.7480247198291     
   152.00000000000000        8684.4130444892398     
   153.00000000000000        8798.0780642586506     
   154.00000000000000        8911.7430840280613     
   155.00000000000000        9025.4081037974720     
   156.00000000000000        9139.0731235668827     
   157.00000000000000        9252.7381433362934     
   158.00000000000000        9366.4031631057042     
   159.00000000000000        9480.0681828751149     
   160.00000000000000        9593.7332026445256     

   1.0000000000000000        33.665019769410577     
   2.0000000000000000        67.330039538821154     
   3.0000000000000000        100.99505930823173     
   4.0000000000000000        134.66007907764231     
   5.0000000000000000        168.32509884705289     
   6.0000000000000000        201.99011861646346     
   7.0000000000000000        235.65513838587404     
   8.0000000000000000        269.32015815528462     
   9.0000000000000000        302.98517792469522     
   10.000000000000000        336.65019769410583     
   11.000000000000000        370.31521746351643     
   12.000000000000000        403.98023723292704     
   13.000000000000000        437.64525700233764     
   14.000000000000000        471.31027677174825     
   15.000000000000000        504.97529654115885     
   16.000000000000000        538.64031631056946     
   17.000000000000000        572.30533607998007     
   18.000000000000000        605.97035584939067     
   19.000000000000000        639.63537561880128     
   20.000000000000000        673.30039538821188     
   21.000000000000000        706.96541515762249     
   22.000000000000000        740.63043492703309     
   23.000000000000000        774.29545469644370     
   24.000000000000000        807.96047446585430     
   25.000000000000000        841.62549423526491     
   26.000000000000000        875.29051400467552     
   27.000000000000000        908.95553377408612     
   28.000000000000000        942.62055354349673     
   29.000000000000000        976.28557331290733     
   30.000000000000000        1009.9505930823179     
   31.000000000000000        1043.6156128517284     
   32.000000000000000        1077.2806326211389     
   33.000000000000000        1110.9456523905494     
   34.000000000000000        1144.6106721599599     
   35.000000000000000        1178.2756919293704     
   36.000000000000000        1211.9407116987809     
   37.000000000000000        1245.6057314681914     
   38.000000000000000        1279.2707512376019     
   39.000000000000000        1312.9357710070124     
   40.000000000000000        1346.6007907764229     
   41.000000000000000        1380.2658105458333     
   42.000000000000000        1413.9308303152438     
   43.000000000000000        1447.5958500846543     
   44.000000000000000        1481.2608698540648     
   45.000000000000000        1514.9258896234753     
   46.000000000000000        1548.5909093928858     
   47.000000000000000        1582.2559291622963     
   48.000000000000000        1615.9209489317068     
   49.000000000000000        1649.5859687011173     
   50.000000000000000        1683.2509884705278     
   51.000000000000000        1716.9160082399383     
   52.000000000000000        1750.5810280093488     
   53.000000000000000        1784.2460477787592     
   54.000000000000000        1817.9110675481697     
   55.000000000000000        1851.5760873175802     
   56.000000000000000        1885.2411070869907     
   57.000000000000000        1918.9061268564012     
   58.000000000000000        1952.5711466258117     
   59.000000000000000        2049.9011861646327     
   60.000000000000000        2113.5662059340434     
   61.000000000000000        2177.2312257034541     
   62.000000000000000        2240.8962454728648     
   63.000000000000000        2304.5612652422756     
   64.000000000000000        2368.2262850116863     
   65.000000000000000        2431.8913047810970     
   66.000000000000000        2495.5563245505077     
   67.000000000000000        2559.2213443199184     
   68.000000000000000        2622.8863640893292     
   69.000000000000000        2686.5513838587399     
   70.000000000000000        2750.2164036281506     
   71.000000000000000        2813.8814233975613     
   72.000000000000000        2877.5464431669720     
   73.000000000000000        2941.2114629363828     
   74.000000000000000        3004.8764827057935     
   75.000000000000000        3068.5415024752042     
   76.000000000000000        3132.2065222446149     
   77.000000000000000        3195.8715420140256     
   78.000000000000000        3259.5365617834364     
   79.000000000000000        3323.2015815528471     
   80.000000000000000        3386.8666013222578     
   81.000000000000000        3450.5316210916685     
   82.000000000000000        3514.1966408610792     
   83.000000000000000        3577.8616606304900     
   84.000000000000000        3641.5266803999007     
   85.000000000000000        3705.1917001693114     
   86.000000000000000        3768.8567199387221     
   87.000000000000000        3832.5217397081328     
   88.000000000000000        3896.1867594775435     
   89.000000000000000        3959.8517792469543     
   90.000000000000000        4023.5167990163650     
   91.000000000000000        4087.1818187857757     
   92.000000000000000        4150.8468385551860     
   93.000000000000000        4214.5118583245967     
   94.000000000000000        4278.1768780940074     
   95.000000000000000        4341.8418978634181     
   96.000000000000000        4405.5069176328288     
   97.000000000000000        4469.1719374022396     
   98.000000000000000        4532.8369571716503     
   99.000000000000000        4596.5019769410610     
   100.00000000000000        4660.1669967104717     
   101.00000000000000        4723.8320164798824     
   102.00000000000000        4787.4970362492932     
   103.00000000000000        4851.1620560187039     
   104.00000000000000        4914.8270757881146     
   105.00000000000000        4978.4920955575253     
   106.00000000000000        5042.1571153269360     
   107.00000000000000        5105.8221350963468     
   108.00000000000000        5169.4871548657575     
   109.00000000000000        5233.1521746351682     
   110.00000000000000        5296.8171944045789     
   111.00000000000000        5360.4822141739896     
   112.00000000000000        5424.1472339434004     
   113.00000000000000        5487.8122537128111     
   114.00000000000000        5551.4772734822218     
   115.00000000000000        5615.1422932516325     
   116.00000000000000        5678.8073130210432     
   117.00000000000000        5742.4723327904539     
   118.00000000000000        5806.1373525598647     
   119.00000000000000        5869.8023723292754     
   120.00000000000000        5933.4673920986861     
   121.00000000000000        5997.1324118680968     
   122.00000000000000        6060.7974316375075     
   123.00000000000000        6124.4624514069183     
   124.00000000000000        6188.1274711763290     
   125.00000000000000        6251.7924909457397     
   126.00000000000000        6315.4575107151504     
   127.00000000000000        6379.1225304845611     
   128.00000000000000        6442.7875502539719     
   129.00000000000000        6506.4525700233826     
   130.00000000000000        6570.1175897927933     
   131.00000000000000        6633.7826095622040     
   132.00000000000000        6697.4476293316147     
   133.00000000000000        6761.1126491010255     
   134.00000000000000        6824.7776688704362     
   135.00000000000000        6888.4426886398469     
   136.00000000000000        6952.1077084092576     
   137.00000000000000        7015.7727281786683     
   138.00000000000000        7193.1027677174898     
   139.00000000000000        7306.7677874869005     
   140.00000000000000        7420.4328072563112     
   141.00000000000000        7534.0978270257219     
   142.00000000000000        7647.7628467951326     

